device,ain,sensor,voltage,measurement,timestamp
T7,AIN54,Pressure,0.5137949585914612,sensor_data,2026-01-30 15:34:06.563
T7,AIN48,LoadCell,0.00034033527481369674,sensor_data,2026-01-30 15:34:06.563
T7,AIN52,Pressure,0.5115869641304016,sensor_data,2026-01-30 15:34:06.563
T7,AIN49,Thermocouple,-0.000557770486921072,sensor_data,2026-01-30 15:34:06.563
T7,AIN50,Thermocouple,-4.642433123080991e-05,sensor_data,2026-01-30 15:34:06.563
T7,AIN54,Pressure,0.5144258141517639,sensor_data,2026-01-30 15:34:06.563
T7,AIN48,LoadCell,0.00042995793046429753,sensor_data,2026-01-30 15:34:06.563
T7,AIN52,Pressure,0.5103252530097961,sensor_data,2026-01-30 15:34:06.563
T7,AIN49,Thermocouple,-0.0005593438982032239,sensor_data,2026-01-30 15:34:06.563
T7,AIN50,Thermocouple,-5.11444486619439e-05,sensor_data,2026-01-30 15:34:06.563
T7,AIN54,Pressure,0.5147411823272705,sensor_data,2026-01-30 15:34:06.563
T7,AIN48,LoadCell,0.00043753167847171426,sensor_data,2026-01-30 15:34:06.563
T7,AIN52,Pressure,0.5122178196907043,sensor_data,2026-01-30 15:34:06.563
T7,AIN49,Thermocouple,-0.0005725601804442704,sensor_data,2026-01-30 15:34:06.563
T7,AIN50,Thermocouple,-4.5165634219301865e-05,sensor_data,2026-01-30 15:34:06.563
T7,AIN54,Pressure,0.5137949585914612,sensor_data,2026-01-30 15:34:06.563
T7,AIN48,LoadCell,0.00043658495997078717,sensor_data,2026-01-30 15:34:06.563
T7,AIN52,Pressure,0.5115869641304016,sensor_data,2026-01-30 15:34:06.563
T7,AIN49,Thermocouple,-0.0005583998281508684,sensor_data,2026-01-30 15:34:06.563
T7,AIN50,Thermocouple,-5.6493918236810714e-05,sensor_data,2026-01-30 15:34:06.563
T7,AIN54,Pressure,0.5141103863716125,sensor_data,2026-01-30 15:34:06.563
T7,AIN48,LoadCell,0.00043058907613158226,sensor_data,2026-01-30 15:34:06.563
T7,AIN52,Pressure,0.5122178196907043,sensor_data,2026-01-30 15:34:06.563
T7,AIN49,Thermocouple,-0.0005760216154158115,sensor_data,2026-01-30 15:34:06.563
T7,AIN50,Thermocouple,-5.11444486619439e-05,sensor_data,2026-01-30 15:34:06.563
T7,AIN54,Pressure,0.5128486752510071,sensor_data,2026-01-30 15:34:06.563
T7,AIN48,LoadCell,0.0004378472513053566,sensor_data,2026-01-30 15:34:06.563
T7,AIN52,Pressure,0.511902391910553,sensor_data,2026-01-30 15:34:06.563
T7,AIN49,Thermocouple,-0.0005741335917264223,sensor_data,2026-01-30 15:34:06.563
T7,AIN50,Thermocouple,-4.768303188029677e-05,sensor_data,2026-01-30 15:34:06.563
T7,AIN54,Pressure,0.5137949585914612,sensor_data,2026-01-30 15:34:06.563
T7,AIN48,LoadCell,0.00043847839697264135,sensor_data,2026-01-30 15:34:06.563
T7,AIN52,Pressure,0.5103252530097961,sensor_data,2026-01-30 15:34:06.563
T7,AIN49,Thermocouple,-0.000576650956645608,sensor_data,2026-01-30 15:34:06.563
T7,AIN50,Thermocouple,-5.61792439839337e-05,sensor_data,2026-01-30 15:34:06.563
T7,AIN54,Pressure,0.5125332474708557,sensor_data,2026-01-30 15:34:06.563
T7,AIN48,LoadCell,0.0004387939698062837,sensor_data,2026-01-30 15:34:06.563
T7,AIN52,Pressure,0.5100098252296448,sensor_data,2026-01-30 15:34:06.563
T7,AIN49,Thermocouple,-0.000576650956645608,sensor_data,2026-01-30 15:34:06.563
T7,AIN50,Thermocouple,-5.334717207006179e-05,sensor_data,2026-01-30 15:34:06.563
T7,AIN54,Pressure,0.5122178196907043,sensor_data,2026-01-30 15:34:06.563
T7,AIN48,LoadCell,0.0004249087651260197,sensor_data,2026-01-30 15:34:06.563
T7,AIN52,Pressure,0.5106406807899475,sensor_data,2026-01-30 15:34:06.563
T7,AIN49,Thermocouple,-0.000571930839214474,sensor_data,2026-01-30 15:34:06.563
T7,AIN50,Thermocouple,-4.3592259316938e-05,sensor_data,2026-01-30 15:34:06.563
T7,AIN54,Pressure,0.5134795308113098,sensor_data,2026-01-30 15:34:06.563
T7,AIN48,LoadCell,0.0004217530367895961,sensor_data,2026-01-30 15:34:06.563
T7,AIN52,Pressure,0.5100098252296448,sensor_data,2026-01-30 15:34:06.563
T7,AIN49,Thermocouple,-0.000565637368708849,sensor_data,2026-01-30 15:34:06.563
T7,AIN50,Thermocouple,-4.453628571354784e-05,sensor_data,2026-01-30 15:34:06.563
T7,AIN54,Pressure,0.5141103863716125,sensor_data,2026-01-30 15:34:06.563
T7,AIN48,LoadCell,0.0004198595997877419,sensor_data,2026-01-30 15:34:06.563
T7,AIN52,Pressure,0.5106406807899475,sensor_data,2026-01-30 15:34:06.563
T7,AIN49,Thermocouple,-0.000565637368708849,sensor_data,2026-01-30 15:34:06.563
T7,AIN50,Thermocouple,-4.264823655830696e-05,sensor_data,2026-01-30 15:34:06.563
T7,AIN54,Pressure,0.5147411823272705,sensor_data,2026-01-30 15:34:06.563
T7,AIN48,LoadCell,0.0004223841824568808,sensor_data,2026-01-30 15:34:06.563
T7,AIN52,Pressure,0.5109561085700989,sensor_data,2026-01-30 15:34:06.563
T7,AIN49,Thermocouple,-0.0005700428155250847,sensor_data,2026-01-30 15:34:06.563
T7,AIN50,Thermocouple,-4.264823655830696e-05,sensor_data,2026-01-30 15:34:06.563
T7,AIN54,Pressure,0.5141103863716125,sensor_data,2026-01-30 15:34:06.563
T7,AIN48,LoadCell,0.000417335017118603,sensor_data,2026-01-30 15:34:06.563
T7,AIN52,Pressure,0.5122178196907043,sensor_data,2026-01-30 15:34:06.563
T7,AIN49,Thermocouple,-0.0005744482623413205,sensor_data,2026-01-30 15:34:06.563
T7,AIN50,Thermocouple,-4.453628571354784e-05,sensor_data,2026-01-30 15:34:06.563
T7,AIN54,Pressure,0.5128486752510071,sensor_data,2026-01-30 15:34:06.563
T7,AIN48,LoadCell,0.00040818340494297445,sensor_data,2026-01-30 15:34:06.563
T7,AIN52,Pressure,0.509378969669342,sensor_data,2026-01-30 15:34:06.563
T7,AIN49,Thermocouple,-0.0005697281449101865,sensor_data,2026-01-30 15:34:06.563
T7,AIN50,Thermocouple,-4.3277585064060986e-05,sensor_data,2026-01-30 15:34:06.563
T7,AIN54,Pressure,0.5147411823272705,sensor_data,2026-01-30 15:34:06.563
T7,AIN48,LoadCell,0.00041607272578403354,sensor_data,2026-01-30 15:34:06.563
T7,AIN52,Pressure,0.5103252530097961,sensor_data,2026-01-30 15:34:06.563
T7,AIN49,Thermocouple,-0.0005794830503873527,sensor_data,2026-01-30 15:34:06.563
T7,AIN50,Thermocouple,-5.0515100156189874e-05,sensor_data,2026-01-30 15:34:06.563
T7,AIN54,Pressure,0.5137949585914612,sensor_data,2026-01-30 15:34:06.563
T7,AIN48,LoadCell,0.0004113391332793981,sensor_data,2026-01-30 15:34:06.563
T7,AIN52,Pressure,0.5103252530097961,sensor_data,2026-01-30 15:34:06.563
T7,AIN49,Thermocouple,-0.0005741335917264223,sensor_data,2026-01-30 15:34:06.563
T7,AIN50,Thermocouple,-3.9501490391558036e-05,sensor_data,2026-01-30 15:34:06.563
T7,AIN54,Pressure,0.5137949585914612,sensor_data,2026-01-30 15:34:06.563
T7,AIN48,LoadCell,0.000403449812438339,sensor_data,2026-01-30 15:34:06.563
T7,AIN52,Pressure,0.5103252530097961,sensor_data,2026-01-30 15:34:06.563
T7,AIN49,Thermocouple,-0.0005700428155250847,sensor_data,2026-01-30 15:34:06.563
T7,AIN50,Thermocouple,-5.0515100156189874e-05,sensor_data,2026-01-30 15:34:06.563
T7,AIN54,Pressure,0.5144258141517639,sensor_data,2026-01-30 15:34:06.563
T7,AIN48,LoadCell,0.00041417928878217936,sensor_data,2026-01-30 15:34:06.563
T7,AIN52,Pressure,0.5100098252296448,sensor_data,2026-01-30 15:34:06.563
T7,AIN49,Thermocouple,-0.0005665813805535436,sensor_data,2026-01-30 15:34:06.563
T7,AIN50,Thermocouple,-4.1389539546798915e-05,sensor_data,2026-01-30 15:34:06.563
T7,AIN54,Pressure,0.5141103863716125,sensor_data,2026-01-30 15:34:06.563
T7,AIN48,LoadCell,0.00040471210377290845,sensor_data,2026-01-30 15:34:06.563
T7,AIN52,Pressure,0.5106406807899475,sensor_data,2026-01-30 15:34:06.563
T7,AIN49,Thermocouple,-0.0005684694624505937,sensor_data,2026-01-30 15:34:06.563
T7,AIN50,Thermocouple,-4.9256403144681826e-05,sensor_data,2026-01-30 15:34:06.563
T7,AIN54,Pressure,0.5137949585914612,sensor_data,2026-01-30 15:34:06.563
T7,AIN48,LoadCell,0.0004006096569355577,sensor_data,2026-01-30 15:34:06.563
T7,AIN52,Pressure,0.5115869641304016,sensor_data,2026-01-30 15:34:06.563
T7,AIN49,Thermocouple,-0.0005653226980939507,sensor_data,2026-01-30 15:34:06.563
T7,AIN50,Thermocouple,-5.4291194828692824e-05,sensor_data,2026-01-30 15:34:06.563
T7,AIN54,Pressure,0.5131641030311584,sensor_data,2026-01-30 15:34:06.563
T7,AIN48,LoadCell,0.0003971383848693222,sensor_data,2026-01-30 15:34:06.563
T7,AIN52,Pressure,0.5115869641304016,sensor_data,2026-01-30 15:34:06.563
T7,AIN49,Thermocouple,-0.0005596585688181221,sensor_data,2026-01-30 15:34:06.563
T7,AIN50,Thermocouple,-5.4605869081569836e-05,sensor_data,2026-01-30 15:34:06.563
T7,AIN54,Pressure,0.5125332474708557,sensor_data,2026-01-30 15:34:06.563
T7,AIN48,LoadCell,0.0003942982293665409,sensor_data,2026-01-30 15:34:06.563
T7,AIN52,Pressure,0.5109561085700989,sensor_data,2026-01-30 15:34:06.563
T7,AIN49,Thermocouple,-0.0005697281449101865,sensor_data,2026-01-30 15:34:06.563
T7,AIN50,Thermocouple,-3.415202445467003e-05,sensor_data,2026-01-30 15:34:06.563
T7,AIN54,Pressure,0.5150566101074219,sensor_data,2026-01-30 15:34:06.563
T7,AIN48,LoadCell,0.0003911425010301173,sensor_data,2026-01-30 15:34:06.563
T7,AIN52,Pressure,0.5115869641304016,sensor_data,2026-01-30 15:34:06.563
T7,AIN49,Thermocouple,-0.0005694134742952883,sensor_data,2026-01-30 15:34:06.563
T7,AIN50,Thermocouple,-3.9501490391558036e-05,sensor_data,2026-01-30 15:34:06.563
T7,AIN54,Pressure,0.5131641030311584,sensor_data,2026-01-30 15:34:06.563
T7,AIN48,LoadCell,0.0003807285975199193,sensor_data,2026-01-30 15:34:06.563
T7,AIN52,Pressure,0.5106406807899475,sensor_data,2026-01-30 15:34:06.563
T7,AIN49,Thermocouple,-0.0005709868273697793,sensor_data,2026-01-30 15:34:06.563
T7,AIN50,Thermocouple,-4.6739005483686924e-05,sensor_data,2026-01-30 15:34:06.563
T7,AIN54,Pressure,0.5144258141517639,sensor_data,2026-01-30 15:34:06.563
T7,AIN48,LoadCell,0.00037063026684336364,sensor_data,2026-01-30 15:34:06.563
T7,AIN52,Pressure,0.5106406807899475,sensor_data,2026-01-30 15:34:06.563
T7,AIN49,Thermocouple,-0.0005797977210022509,sensor_data,2026-01-30 15:34:06.563
T7,AIN50,Thermocouple,-4.013083889731206e-05,sensor_data,2026-01-30 15:34:06.563
T7,AIN54,Pressure,0.5137949585914612,sensor_data,2026-01-30 15:34:06.563
T7,AIN48,LoadCell,0.0003759950050152838,sensor_data,2026-01-30 15:34:06.563
T7,AIN52,Pressure,0.5100098252296448,sensor_data,2026-01-30 15:34:06.563
T7,AIN49,Thermocouple,-0.0005779096973128617,sensor_data,2026-01-30 15:34:06.563
T7,AIN50,Thermocouple,-3.887214188580401e-05,sensor_data,2026-01-30 15:34:06.563
T7,AIN54,Pressure,0.5131641030311584,sensor_data,2026-01-30 15:34:06.563
T7,AIN48,LoadCell,0.0003693679755087942,sensor_data,2026-01-30 15:34:06.563
T7,AIN52,Pressure,0.5109561085700989,sensor_data,2026-01-30 15:34:06.563
T7,AIN49,Thermocouple,-0.0005731895798817277,sensor_data,2026-01-30 15:34:06.563
T7,AIN50,Thermocouple,-4.579498272505589e-05,sensor_data,2026-01-30 15:34:06.563
T7,AIN54,Pressure,0.5134795308113098,sensor_data,2026-01-30 15:34:06.563
T7,AIN48,LoadCell,0.0003599007904995233,sensor_data,2026-01-30 15:34:06.563
T7,AIN52,Pressure,0.5112715363502502,sensor_data,2026-01-30 15:34:06.563
T7,AIN49,Thermocouple,-0.0005694134742952883,sensor_data,2026-01-30 15:34:06.563
T7,AIN50,Thermocouple,-4.3592259316938e-05,sensor_data,2026-01-30 15:34:06.563
T7,AIN54,Pressure,0.5134795308113098,sensor_data,2026-01-30 15:34:06.563
T7,AIN48,LoadCell,0.0003624253731686622,sensor_data,2026-01-30 15:34:06.563
T7,AIN52,Pressure,0.5115869641304016,sensor_data,2026-01-30 15:34:06.563
T7,AIN49,Thermocouple,-0.0005741335917264223,sensor_data,2026-01-30 15:34:06.563
T7,AIN50,Thermocouple,-3.415202445467003e-05,sensor_data,2026-01-30 15:34:06.563
T7,AIN54,Pressure,0.5141103863716125,sensor_data,2026-01-30 15:34:06.563
T7,AIN48,LoadCell,0.0003573762078303844,sensor_data,2026-01-30 15:34:06.563
T7,AIN52,Pressure,0.5122178196907043,sensor_data,2026-01-30 15:34:06.563
T7,AIN49,Thermocouple,-0.0005713014979846776,sensor_data,2026-01-30 15:34:06.563
T7,AIN50,Thermocouple,-2.9431905204546638e-05,sensor_data,2026-01-30 15:34:06.563
T7,AIN54,Pressure,0.5122178196907043,sensor_data,2026-01-30 15:34:06.563
T7,AIN48,LoadCell,0.00035832292633131146,sensor_data,2026-01-30 15:34:06.563
T7,AIN52,Pressure,0.5122178196907043,sensor_data,2026-01-30 15:34:06.563
T7,AIN49,Thermocouple,-0.0005681547336280346,sensor_data,2026-01-30 15:34:06.563
T7,AIN50,Thermocouple,-3.9186816138681024e-05,sensor_data,2026-01-30 15:34:06.563
T7,AIN54,Pressure,0.5144258141517639,sensor_data,2026-01-30 15:34:06.563
T7,AIN48,LoadCell,0.00035138032399117947,sensor_data,2026-01-30 15:34:06.563
T7,AIN52,Pressure,0.5106406807899475,sensor_data,2026-01-30 15:34:06.563
T7,AIN49,Thermocouple,-0.0005731895798817277,sensor_data,2026-01-30 15:34:06.563
T7,AIN50,Thermocouple,-2.8802556698792614e-05,sensor_data,2026-01-30 15:34:06.563
T7,AIN54,Pressure,0.5137949585914612,sensor_data,2026-01-30 15:34:06.563
T7,AIN48,LoadCell,0.00034885574132204056,sensor_data,2026-01-30 15:34:06.563
T7,AIN52,Pressure,0.5103252530097961,sensor_data,2026-01-30 15:34:06.563
T7,AIN49,Thermocouple,-0.0005769656272605062,sensor_data,2026-01-30 15:34:06.563
T7,AIN50,Thermocouple,-3.5725395719055086e-05,sensor_data,2026-01-30 15:34:06.563
T7,AIN54,Pressure,0.5134795308113098,sensor_data,2026-01-30 15:34:06.563
T7,AIN48,LoadCell,0.00034790902282111347,sensor_data,2026-01-30 15:34:06.563
T7,AIN52,Pressure,0.5103252530097961,sensor_data,2026-01-30 15:34:06.563
T7,AIN49,Thermocouple,-0.0005631199455820024,sensor_data,2026-01-30 15:34:06.563
T7,AIN50,Thermocouple,-2.8802556698792614e-05,sensor_data,2026-01-30 15:34:06.563
T7,AIN54,Pressure,0.5134795308113098,sensor_data,2026-01-30 15:34:06.563
T7,AIN48,LoadCell,0.000357060634996742,sensor_data,2026-01-30 15:34:06.563
T7,AIN52,Pressure,0.5103252530097961,sensor_data,2026-01-30 15:34:06.563
T7,AIN49,Thermocouple,-0.0005675253923982382,sensor_data,2026-01-30 15:34:06.563
T7,AIN50,Thermocouple,-4.988575165043585e-05,sensor_data,2026-01-30 15:34:06.563
T7,AIN54,Pressure,0.5128486752510071,sensor_data,2026-01-30 15:34:06.563
T7,AIN48,LoadCell,0.0003510647511575371,sensor_data,2026-01-30 15:34:06.563
T7,AIN52,Pressure,0.5106406807899475,sensor_data,2026-01-30 15:34:06.563
T7,AIN49,Thermocouple,-0.0005757069448009133,sensor_data,2026-01-30 15:34:06.563
T7,AIN50,Thermocouple,-4.1389539546798915e-05,sensor_data,2026-01-30 15:34:06.563
T7,AIN54,Pressure,0.5137949585914612,sensor_data,2026-01-30 15:34:06.563
T7,AIN48,LoadCell,0.0003441221488174051,sensor_data,2026-01-30 15:34:06.563
T7,AIN52,Pressure,0.5115869641304016,sensor_data,2026-01-30 15:34:06.563
T7,AIN49,Thermocouple,-0.0005640640156343579,sensor_data,2026-01-30 15:34:06.563
T7,AIN50,Thermocouple,-4.5165634219301865e-05,sensor_data,2026-01-30 15:34:06.563
T7,AIN54,Pressure,0.5141103863716125,sensor_data,2026-01-30 15:34:06.563
T7,AIN48,LoadCell,0.0003561139164958149,sensor_data,2026-01-30 15:34:06.563
T7,AIN52,Pressure,0.5106406807899475,sensor_data,2026-01-30 15:34:06.563
T7,AIN49,Thermocouple,-0.0005700428155250847,sensor_data,2026-01-30 15:34:06.563
T7,AIN50,Thermocouple,-3.9186816138681024e-05,sensor_data,2026-01-30 15:34:06.563
T7,AIN54,Pressure,0.5128486752510071,sensor_data,2026-01-30 15:34:06.563
T7,AIN48,LoadCell,0.00035579834366217256,sensor_data,2026-01-30 15:34:06.563
T7,AIN52,Pressure,0.511902391910553,sensor_data,2026-01-30 15:34:06.563
T7,AIN49,Thermocouple,-0.0005628052749671042,sensor_data,2026-01-30 15:34:06.563
T7,AIN50,Thermocouple,-4.013083889731206e-05,sensor_data,2026-01-30 15:34:06.563
T7,AIN54,Pressure,0.5141103863716125,sensor_data,2026-01-30 15:34:06.563
T7,AIN48,LoadCell,0.00033686397364363074,sensor_data,2026-01-30 15:34:06.563
T7,AIN52,Pressure,0.5109561085700989,sensor_data,2026-01-30 15:34:06.563
T7,AIN49,Thermocouple,-0.0005558824632316828,sensor_data,2026-01-30 15:34:06.563
T7,AIN50,Thermocouple,-3.320800169603899e-05,sensor_data,2026-01-30 15:34:06.563
T7,AIN54,Pressure,0.5144258141517639,sensor_data,2026-01-30 15:34:06.563
T7,AIN48,LoadCell,0.0003475934499874711,sensor_data,2026-01-30 15:34:06.563
T7,AIN52,Pressure,0.5115869641304016,sensor_data,2026-01-30 15:34:06.563
T7,AIN49,Thermocouple,-0.0005681547336280346,sensor_data,2026-01-30 15:34:06.563
T7,AIN50,Thermocouple,-3.1949301046552137e-05,sensor_data,2026-01-30 15:34:06.563
T7,AIN54,Pressure,0.5144258141517639,sensor_data,2026-01-30 15:34:06.563
T7,AIN48,LoadCell,0.0003415975661482662,sensor_data,2026-01-30 15:34:06.563
T7,AIN52,Pressure,0.5103252530097961,sensor_data,2026-01-30 15:34:06.563
T7,AIN49,Thermocouple,-0.0005631199455820024,sensor_data,2026-01-30 15:34:06.563
T7,AIN50,Thermocouple,-2.7543857868295163e-05,sensor_data,2026-01-30 15:34:06.563
T7,AIN54,Pressure,0.5141103863716125,sensor_data,2026-01-30 15:34:06.565
T7,AIN48,LoadCell,0.00034191313898190856,sensor_data,2026-01-30 15:34:06.565
T7,AIN52,Pressure,0.5103252530097961,sensor_data,2026-01-30 15:34:06.565
T7,AIN49,Thermocouple,-0.0005646933568641543,sensor_data,2026-01-30 15:34:06.565
T7,AIN50,Thermocouple,-3.792811912717298e-05,sensor_data,2026-01-30 15:34:06.565
T7,AIN54,Pressure,0.5131641030311584,sensor_data,2026-01-30 15:34:06.565
T7,AIN48,LoadCell,0.00033938855631276965,sensor_data,2026-01-30 15:34:06.565
T7,AIN52,Pressure,0.5100098252296448,sensor_data,2026-01-30 15:34:06.565
T7,AIN49,Thermocouple,-0.0005788537091575563,sensor_data,2026-01-30 15:34:06.565
T7,AIN50,Thermocouple,-3.320800169603899e-05,sensor_data,2026-01-30 15:34:06.565
T7,AIN54,Pressure,0.5141103863716125,sensor_data,2026-01-30 15:34:06.565
T7,AIN48,LoadCell,0.00033591725514270365,sensor_data,2026-01-30 15:34:06.565
T7,AIN52,Pressure,0.5115869641304016,sensor_data,2026-01-30 15:34:06.565
T7,AIN49,Thermocouple,-0.0005662667099386454,sensor_data,2026-01-30 15:34:06.565
T7,AIN50,Thermocouple,-3.0375929782167077e-05,sensor_data,2026-01-30 15:34:06.565
T7,AIN54,Pressure,0.5122178196907043,sensor_data,2026-01-30 15:34:06.565
T7,AIN48,LoadCell,0.00032266322523355484,sensor_data,2026-01-30 15:34:06.565
T7,AIN52,Pressure,0.511902391910553,sensor_data,2026-01-30 15:34:06.565
T7,AIN49,Thermocouple,-0.0005668960511684418,sensor_data,2026-01-30 15:34:06.565
T7,AIN50,Thermocouple,-3.1634626793675125e-05,sensor_data,2026-01-30 15:34:06.565
T7,AIN54,Pressure,0.5125332474708557,sensor_data,2026-01-30 15:34:06.565
T7,AIN48,LoadCell,0.000331499264575541,sensor_data,2026-01-30 15:34:06.565
T7,AIN52,Pressure,0.511902391910553,sensor_data,2026-01-30 15:34:06.565
T7,AIN49,Thermocouple,-0.0005593438982032239,sensor_data,2026-01-30 15:34:06.565
T7,AIN50,Thermocouple,-2.5026462026289664e-05,sensor_data,2026-01-30 15:34:06.565
T7,AIN54,Pressure,0.5131641030311584,sensor_data,2026-01-30 15:34:06.565
T7,AIN48,LoadCell,0.0003258189535699785,sensor_data,2026-01-30 15:34:06.565
T7,AIN52,Pressure,0.5106406807899475,sensor_data,2026-01-30 15:34:06.565
T7,AIN49,Thermocouple,-0.0005596585688181221,sensor_data,2026-01-30 15:34:06.565
T7,AIN50,Thermocouple,-2.5341136279166676e-05,sensor_data,2026-01-30 15:34:06.565
T7,AIN54,Pressure,0.5134795308113098,sensor_data,2026-01-30 15:34:06.595
T7,AIN48,LoadCell,0.00032708124490454793,sensor_data,2026-01-30 15:34:06.595
T7,AIN52,Pressure,0.5122178196907043,sensor_data,2026-01-30 15:34:06.595
T7,AIN49,Thermocouple,-0.0005690988036803901,sensor_data,2026-01-30 15:34:06.595
T7,AIN50,Thermocouple,-2.8802556698792614e-05,sensor_data,2026-01-30 15:34:06.595
T7,AIN54,Pressure,0.5131641030311584,sensor_data,2026-01-30 15:34:06.595
T7,AIN48,LoadCell,0.0003204542153980583,sensor_data,2026-01-30 15:34:06.595
T7,AIN52,Pressure,0.5106406807899475,sensor_data,2026-01-30 15:34:06.595
T7,AIN49,Thermocouple,-0.0005744482623413205,sensor_data,2026-01-30 15:34:06.595
T7,AIN50,Thermocouple,-2.4397111701546237e-05,sensor_data,2026-01-30 15:34:06.595
T7,AIN54,Pressure,0.5137949585914612,sensor_data,2026-01-30 15:34:06.643
T7,AIN48,LoadCell,0.0003264500992372632,sensor_data,2026-01-30 15:34:06.643
T7,AIN52,Pressure,0.5100098252296448,sensor_data,2026-01-30 15:34:06.643
T7,AIN49,Thermocouple,-0.0005681547336280346,sensor_data,2026-01-30 15:34:06.643
T7,AIN50,Thermocouple,-2.2509064365294762e-05,sensor_data,2026-01-30 15:34:06.643
T7,AIN54,Pressure,0.5131641030311584,sensor_data,2026-01-30 15:34:06.644
T7,AIN48,LoadCell,0.0003258189535699785,sensor_data,2026-01-30 15:34:06.644
T7,AIN52,Pressure,0.5122178196907043,sensor_data,2026-01-30 15:34:06.644
T7,AIN49,Thermocouple,-0.0005662667099386454,sensor_data,2026-01-30 15:34:06.644
T7,AIN50,Thermocouple,-4.1389539546798915e-05,sensor_data,2026-01-30 15:34:06.644
T7,AIN54,Pressure,0.5131641030311584,sensor_data,2026-01-30 15:34:06.675
T7,AIN48,LoadCell,0.0003273968177381903,sensor_data,2026-01-30 15:34:06.675
T7,AIN52,Pressure,0.5106406807899475,sensor_data,2026-01-30 15:34:06.675
T7,AIN49,Thermocouple,-0.0005750776035711169,sensor_data,2026-01-30 15:34:06.675
T7,AIN50,Thermocouple,-2.7543857868295163e-05,sensor_data,2026-01-30 15:34:06.675
T7,AIN54,Pressure,0.5144258141517639,sensor_data,2026-01-30 15:34:06.675
T7,AIN48,LoadCell,0.00033307712874375284,sensor_data,2026-01-30 15:34:06.675
T7,AIN52,Pressure,0.5103252530097961,sensor_data,2026-01-30 15:34:06.675
T7,AIN49,Thermocouple,-0.0005870352615602314,sensor_data,2026-01-30 15:34:06.675
T7,AIN50,Thermocouple,-3.069060403504409e-05,sensor_data,2026-01-30 15:34:06.675
T7,AIN54,Pressure,0.5141103863716125,sensor_data,2026-01-30 15:34:06.702
T7,AIN48,LoadCell,0.00032960582757368684,sensor_data,2026-01-30 15:34:06.702
T7,AIN52,Pressure,0.5112715363502502,sensor_data,2026-01-30 15:34:06.702
T7,AIN49,Thermocouple,-0.0005772802978754044,sensor_data,2026-01-30 15:34:06.702
T7,AIN50,Thermocouple,-3.320800169603899e-05,sensor_data,2026-01-30 15:34:06.702
T7,AIN54,Pressure,0.5144258141517639,sensor_data,2026-01-30 15:34:06.728
T7,AIN48,LoadCell,0.0003179296327289194,sensor_data,2026-01-30 15:34:06.728
T7,AIN52,Pressure,0.5115869641304016,sensor_data,2026-01-30 15:34:06.728
T7,AIN49,Thermocouple,-0.0005709868273697793,sensor_data,2026-01-30 15:34:06.728
T7,AIN50,Thermocouple,-3.887214188580401e-05,sensor_data,2026-01-30 15:34:06.728
T7,AIN54,Pressure,0.5122178196907043,sensor_data,2026-01-30 15:34:06.759
T7,AIN48,LoadCell,0.000331499264575541,sensor_data,2026-01-30 15:34:06.759
T7,AIN52,Pressure,0.5122178196907043,sensor_data,2026-01-30 15:34:06.759
T7,AIN49,Thermocouple,-0.0005571411456912756,sensor_data,2026-01-30 15:34:06.759
T7,AIN50,Thermocouple,-3.1949301046552137e-05,sensor_data,2026-01-30 15:34:06.759
T7,AIN54,Pressure,0.5131641030311584,sensor_data,2026-01-30 15:34:06.759
T7,AIN48,LoadCell,0.00033433939097449183,sensor_data,2026-01-30 15:34:06.759
T7,AIN52,Pressure,0.5115869641304016,sensor_data,2026-01-30 15:34:06.759
T7,AIN49,Thermocouple,-0.0005694134742952883,sensor_data,2026-01-30 15:34:06.759
T7,AIN50,Thermocouple,-4.1704213799675927e-05,sensor_data,2026-01-30 15:34:06.759
T7,AIN54,Pressure,0.5125332474708557,sensor_data,2026-01-30 15:34:06.811
T7,AIN48,LoadCell,0.00032771239057183266,sensor_data,2026-01-30 15:34:06.811
T7,AIN52,Pressure,0.5122178196907043,sensor_data,2026-01-30 15:34:06.811
T7,AIN49,Thermocouple,-0.0005738189211115241,sensor_data,2026-01-30 15:34:06.811
T7,AIN50,Thermocouple,-3.1949301046552137e-05,sensor_data,2026-01-30 15:34:06.811
T7,AIN54,Pressure,0.5147411823272705,sensor_data,2026-01-30 15:34:06.811
T7,AIN48,LoadCell,0.00033402381814084947,sensor_data,2026-01-30 15:34:06.811
T7,AIN52,Pressure,0.5103252530097961,sensor_data,2026-01-30 15:34:06.811
T7,AIN49,Thermocouple,-0.0005606025806628168,sensor_data,2026-01-30 15:34:06.811
T7,AIN50,Thermocouple,-2.6285159037797712e-05,sensor_data,2026-01-30 15:34:06.811
T7,AIN54,Pressure,0.5141103863716125,sensor_data,2026-01-30 15:34:06.843
T7,AIN48,LoadCell,0.0003406508476473391,sensor_data,2026-01-30 15:34:06.843
T7,AIN52,Pressure,0.5115869641304016,sensor_data,2026-01-30 15:34:06.843
T7,AIN49,Thermocouple,-0.0005602879100479186,sensor_data,2026-01-30 15:34:06.843
T7,AIN50,Thermocouple,-4.2962910811183974e-05,sensor_data,2026-01-30 15:34:06.843
T7,AIN54,Pressure,0.5125332474708557,sensor_data,2026-01-30 15:34:06.843
T7,AIN48,LoadCell,0.0003387574106454849,sensor_data,2026-01-30 15:34:06.843
T7,AIN52,Pressure,0.5106406807899475,sensor_data,2026-01-30 15:34:06.843
T7,AIN49,Thermocouple,-0.0005659520393237472,sensor_data,2026-01-30 15:34:06.843
T7,AIN50,Thermocouple,-2.313841469003819e-05,sensor_data,2026-01-30 15:34:06.843
T7,AIN54,Pressure,0.5141103863716125,sensor_data,2026-01-30 15:34:06.875
T7,AIN48,LoadCell,0.00034475329448468983,sensor_data,2026-01-30 15:34:06.875
T7,AIN52,Pressure,0.5100098252296448,sensor_data,2026-01-30 15:34:06.875
T7,AIN49,Thermocouple,-0.0005675253923982382,sensor_data,2026-01-30 15:34:06.875
T7,AIN50,Thermocouple,-3.792811912717298e-05,sensor_data,2026-01-30 15:34:06.875
T7,AIN54,Pressure,0.5141103863716125,sensor_data,2026-01-30 15:34:06.875
T7,AIN48,LoadCell,0.0003491713141556829,sensor_data,2026-01-30 15:34:06.875
T7,AIN52,Pressure,0.5122178196907043,sensor_data,2026-01-30 15:34:06.875
T7,AIN49,Thermocouple,-0.0005668960511684418,sensor_data,2026-01-30 15:34:06.875
T7,AIN50,Thermocouple,-3.1949301046552137e-05,sensor_data,2026-01-30 15:34:06.875
T7,AIN54,Pressure,0.5131641030311584,sensor_data,2026-01-30 15:34:06.928
T7,AIN48,LoadCell,0.000339704129146412,sensor_data,2026-01-30 15:34:06.928
T7,AIN52,Pressure,0.5103252530097961,sensor_data,2026-01-30 15:34:06.928
T7,AIN49,Thermocouple,-0.0005738189211115241,sensor_data,2026-01-30 15:34:06.928
T7,AIN50,Thermocouple,-3.446669870754704e-05,sensor_data,2026-01-30 15:34:06.928
T7,AIN54,Pressure,0.5131641030311584,sensor_data,2026-01-30 15:34:06.928
T7,AIN48,LoadCell,0.00034285985748283565,sensor_data,2026-01-30 15:34:06.928
T7,AIN52,Pressure,0.5103252530097961,sensor_data,2026-01-30 15:34:06.928
T7,AIN49,Thermocouple,-0.0005596585688181221,sensor_data,2026-01-30 15:34:06.928
T7,AIN50,Thermocouple,-3.666942211566493e-05,sensor_data,2026-01-30 15:34:06.928
T7,AIN54,Pressure,0.5141103863716125,sensor_data,2026-01-30 15:34:06.959
T7,AIN48,LoadCell,0.000343175430316478,sensor_data,2026-01-30 15:34:06.959
T7,AIN52,Pressure,0.5109561085700989,sensor_data,2026-01-30 15:34:06.959
T7,AIN49,Thermocouple,-0.0005640640156343579,sensor_data,2026-01-30 15:34:06.959
T7,AIN50,Thermocouple,-3.635474422480911e-05,sensor_data,2026-01-30 15:34:06.959
T7,AIN54,Pressure,0.5131641030311584,sensor_data,2026-01-30 15:34:06.959
T7,AIN48,LoadCell,0.00033938855631276965,sensor_data,2026-01-30 15:34:06.959
T7,AIN52,Pressure,0.5112715363502502,sensor_data,2026-01-30 15:34:06.959
T7,AIN49,Thermocouple,-0.0005735042504966259,sensor_data,2026-01-30 15:34:06.959
T7,AIN50,Thermocouple,-3.824279338004999e-05,sensor_data,2026-01-30 15:34:06.959
T7,AIN54,Pressure,0.5125332474708557,sensor_data,2026-01-30 15:34:06.987
T7,AIN48,LoadCell,0.0003425442846491933,sensor_data,2026-01-30 15:34:06.987
T7,AIN52,Pressure,0.5122178196907043,sensor_data,2026-01-30 15:34:06.987
T7,AIN49,Thermocouple,-0.0005628052749671042,sensor_data,2026-01-30 15:34:06.987
T7,AIN50,Thermocouple,-2.5026462026289664e-05,sensor_data,2026-01-30 15:34:06.987
T7,AIN54,Pressure,0.5122178196907043,sensor_data,2026-01-30 15:34:07.018
T7,AIN48,LoadCell,0.00035074917832389474,sensor_data,2026-01-30 15:34:07.018
T7,AIN52,Pressure,0.5103252530097961,sensor_data,2026-01-30 15:34:07.018
T7,AIN49,Thermocouple,-0.0005665813805535436,sensor_data,2026-01-30 15:34:07.018
T7,AIN50,Thermocouple,-2.691450936254114e-05,sensor_data,2026-01-30 15:34:07.018
T7,AIN54,Pressure,0.5131641030311584,sensor_data,2026-01-30 15:34:07.018
T7,AIN48,LoadCell,0.00034443772165104747,sensor_data,2026-01-30 15:34:07.018
T7,AIN52,Pressure,0.5096943974494934,sensor_data,2026-01-30 15:34:07.018
T7,AIN49,Thermocouple,-0.0005690988036803901,sensor_data,2026-01-30 15:34:07.018
T7,AIN50,Thermocouple,-4.201888805255294e-05,sensor_data,2026-01-30 15:34:07.018
T7,AIN54,Pressure,0.5141103863716125,sensor_data,2026-01-30 15:34:07.065
T7,AIN48,LoadCell,0.0003422287118155509,sensor_data,2026-01-30 15:34:07.065
T7,AIN52,Pressure,0.5122178196907043,sensor_data,2026-01-30 15:34:07.065
T7,AIN49,Thermocouple,-0.0005738189211115241,sensor_data,2026-01-30 15:34:07.065
T7,AIN50,Thermocouple,-3.981616464443505e-05,sensor_data,2026-01-30 15:34:07.065
T7,AIN54,Pressure,0.5125332474708557,sensor_data,2026-01-30 15:34:07.065
T7,AIN48,LoadCell,0.00035232704249210656,sensor_data,2026-01-30 15:34:07.065
T7,AIN52,Pressure,0.5106406807899475,sensor_data,2026-01-30 15:34:07.065
T7,AIN49,Thermocouple,-0.0005735042504966259,sensor_data,2026-01-30 15:34:07.065
T7,AIN50,Thermocouple,-4.201888805255294e-05,sensor_data,2026-01-30 15:34:07.065
T7,AIN54,Pressure,0.5125332474708557,sensor_data,2026-01-30 15:34:07.086
T7,AIN48,LoadCell,0.00034285985748283565,sensor_data,2026-01-30 15:34:07.086
T7,AIN52,Pressure,0.5115869641304016,sensor_data,2026-01-30 15:34:07.086
T7,AIN49,Thermocouple,-0.000565637368708849,sensor_data,2026-01-30 15:34:07.086
T7,AIN50,Thermocouple,-3.1949301046552137e-05,sensor_data,2026-01-30 15:34:07.086
T7,AIN54,Pressure,0.5125332474708557,sensor_data,2026-01-30 15:34:07.109
T7,AIN48,LoadCell,0.000353589333826676,sensor_data,2026-01-30 15:34:07.109
T7,AIN52,Pressure,0.5122178196907043,sensor_data,2026-01-30 15:34:07.109
T7,AIN49,Thermocouple,-0.0005816857446916401,sensor_data,2026-01-30 15:34:07.109
T7,AIN50,Thermocouple,-4.201888805255294e-05,sensor_data,2026-01-30 15:34:07.109
T7,AIN54,Pressure,0.5125332474708557,sensor_data,2026-01-30 15:34:07.135
T7,AIN48,LoadCell,0.00035138032399117947,sensor_data,2026-01-30 15:34:07.135
T7,AIN52,Pressure,0.511902391910553,sensor_data,2026-01-30 15:34:07.135
T7,AIN49,Thermocouple,-0.0005763362860307097,sensor_data,2026-01-30 15:34:07.135
T7,AIN50,Thermocouple,-4.044551678816788e-05,sensor_data,2026-01-30 15:34:07.135
T7,AIN54,Pressure,0.5131641030311584,sensor_data,2026-01-30 15:34:07.135
T7,AIN48,LoadCell,0.0003520114696584642,sensor_data,2026-01-30 15:34:07.135
T7,AIN52,Pressure,0.511902391910553,sensor_data,2026-01-30 15:34:07.135
T7,AIN49,Thermocouple,-0.000571930839214474,sensor_data,2026-01-30 15:34:07.135
T7,AIN50,Thermocouple,-3.257864955230616e-05,sensor_data,2026-01-30 15:34:07.135
T7,AIN54,Pressure,0.5144258141517639,sensor_data,2026-01-30 15:34:07.188
T7,AIN48,LoadCell,0.0003520114696584642,sensor_data,2026-01-30 15:34:07.188
T7,AIN52,Pressure,0.5112715363502502,sensor_data,2026-01-30 15:34:07.188
T7,AIN49,Thermocouple,-0.0005637493450194597,sensor_data,2026-01-30 15:34:07.188
T7,AIN50,Thermocouple,-3.3522675948916e-05,sensor_data,2026-01-30 15:34:07.188
T7,AIN54,Pressure,0.5128486752510071,sensor_data,2026-01-30 15:34:07.188
T7,AIN48,LoadCell,0.00034033527481369674,sensor_data,2026-01-30 15:34:07.188
T7,AIN52,Pressure,0.5115869641304016,sensor_data,2026-01-30 15:34:07.188
T7,AIN49,Thermocouple,-0.0005684694624505937,sensor_data,2026-01-30 15:34:07.188
T7,AIN50,Thermocouple,-3.824279338004999e-05,sensor_data,2026-01-30 15:34:07.188
T7,AIN54,Pressure,0.5128486752510071,sensor_data,2026-01-30 15:34:07.209
T7,AIN48,LoadCell,0.0003624253731686622,sensor_data,2026-01-30 15:34:07.209
T7,AIN52,Pressure,0.5122178196907043,sensor_data,2026-01-30 15:34:07.209
T7,AIN49,Thermocouple,-0.0005791683797724545,sensor_data,2026-01-30 15:34:07.209
T7,AIN50,Thermocouple,-3.824279338004999e-05,sensor_data,2026-01-30 15:34:07.209
T7,AIN54,Pressure,0.5128486752510071,sensor_data,2026-01-30 15:34:07.237
T7,AIN48,LoadCell,0.00034443772165104747,sensor_data,2026-01-30 15:34:07.237
T7,AIN52,Pressure,0.5122178196907043,sensor_data,2026-01-30 15:34:07.237
T7,AIN49,Thermocouple,-0.000565637368708849,sensor_data,2026-01-30 15:34:07.237
T7,AIN50,Thermocouple,-3.131995254079811e-05,sensor_data,2026-01-30 15:34:07.237
T7,AIN54,Pressure,0.5128486752510071,sensor_data,2026-01-30 15:34:07.237
T7,AIN48,LoadCell,0.0003561139164958149,sensor_data,2026-01-30 15:34:07.237
T7,AIN52,Pressure,0.5115869641304016,sensor_data,2026-01-30 15:34:07.237
T7,AIN49,Thermocouple,-0.0005678400630131364,sensor_data,2026-01-30 15:34:07.237
T7,AIN50,Thermocouple,-4.201888805255294e-05,sensor_data,2026-01-30 15:34:07.237
T7,AIN54,Pressure,0.5122178196907043,sensor_data,2026-01-30 15:34:07.267
T7,AIN48,LoadCell,0.000343175430316478,sensor_data,2026-01-30 15:34:07.267
T7,AIN52,Pressure,0.5106406807899475,sensor_data,2026-01-30 15:34:07.267
T7,AIN49,Thermocouple,-0.0005675253923982382,sensor_data,2026-01-30 15:34:07.267
T7,AIN50,Thermocouple,-4.8941728891804814e-05,sensor_data,2026-01-30 15:34:07.267
T7,AIN54,Pressure,0.5131641030311584,sensor_data,2026-01-30 15:34:07.288
T7,AIN48,LoadCell,0.0003450688673183322,sensor_data,2026-01-30 15:34:07.288
T7,AIN52,Pressure,0.5112715363502502,sensor_data,2026-01-30 15:34:07.288
T7,AIN49,Thermocouple,-0.0005757069448009133,sensor_data,2026-01-30 15:34:07.288
T7,AIN50,Thermocouple,-4.233356230542995e-05,sensor_data,2026-01-30 15:34:07.288
T7,AIN54,Pressure,0.5125332474708557,sensor_data,2026-01-30 15:34:07.312
T7,AIN48,LoadCell,0.000331499264575541,sensor_data,2026-01-30 15:34:07.312
T7,AIN52,Pressure,0.5115869641304016,sensor_data,2026-01-30 15:34:07.312
T7,AIN49,Thermocouple,-0.0005804270622320473,sensor_data,2026-01-30 15:34:07.312
T7,AIN50,Thermocouple,-3.5725395719055086e-05,sensor_data,2026-01-30 15:34:07.312
T7,AIN54,Pressure,0.5134795308113098,sensor_data,2026-01-30 15:34:07.340
T7,AIN48,LoadCell,0.0003390729834791273,sensor_data,2026-01-30 15:34:07.340
T7,AIN52,Pressure,0.5122178196907043,sensor_data,2026-01-30 15:34:07.340
T7,AIN49,Thermocouple,-0.0005643786862492561,sensor_data,2026-01-30 15:34:07.340
T7,AIN50,Thermocouple,-3.1634626793675125e-05,sensor_data,2026-01-30 15:34:07.340
T7,AIN54,Pressure,0.5128486752510071,sensor_data,2026-01-30 15:34:07.340
T7,AIN48,LoadCell,0.0003352861094754189,sensor_data,2026-01-30 15:34:07.340
T7,AIN52,Pressure,0.5122178196907043,sensor_data,2026-01-30 15:34:07.340
T7,AIN49,Thermocouple,-0.0005697281449101865,sensor_data,2026-01-30 15:34:07.340
T7,AIN50,Thermocouple,-4.831238038605079e-05,sensor_data,2026-01-30 15:34:07.340
T7,AIN54,Pressure,0.5131641030311584,sensor_data,2026-01-30 15:34:07.393
T7,AIN48,LoadCell,0.000321085361065343,sensor_data,2026-01-30 15:34:07.393
T7,AIN52,Pressure,0.5096943974494934,sensor_data,2026-01-30 15:34:07.393
T7,AIN49,Thermocouple,-0.0005700428155250847,sensor_data,2026-01-30 15:34:07.393
T7,AIN50,Thermocouple,-1.9991668523289263e-05,sensor_data,2026-01-30 15:34:07.393
T7,AIN54,Pressure,0.5147411823272705,sensor_data,2026-01-30 15:34:07.393
T7,AIN48,LoadCell,0.00034980245982296765,sensor_data,2026-01-30 15:34:07.393
T7,AIN52,Pressure,0.511902391910553,sensor_data,2026-01-30 15:34:07.393
T7,AIN49,Thermocouple,-0.0005690988036803901,sensor_data,2026-01-30 15:34:07.393
T7,AIN50,Thermocouple,-2.6285159037797712e-05,sensor_data,2026-01-30 15:34:07.393
T7,AIN54,Pressure,0.5128486752510071,sensor_data,2026-01-30 15:34:07.419
T7,AIN48,LoadCell,0.0003415975661482662,sensor_data,2026-01-30 15:34:07.419
T7,AIN52,Pressure,0.511902391910553,sensor_data,2026-01-30 15:34:07.419
T7,AIN49,Thermocouple,-0.0005731895798817277,sensor_data,2026-01-30 15:34:07.419
T7,AIN50,Thermocouple,-2.691450936254114e-05,sensor_data,2026-01-30 15:34:07.419
T7,AIN54,Pressure,0.5141103863716125,sensor_data,2026-01-30 15:34:07.419
T7,AIN48,LoadCell,0.0003365484008099884,sensor_data,2026-01-30 15:34:07.419
T7,AIN52,Pressure,0.5112715363502502,sensor_data,2026-01-30 15:34:07.419
T7,AIN49,Thermocouple,-0.0005794830503873527,sensor_data,2026-01-30 15:34:07.419
T7,AIN50,Thermocouple,-2.691450936254114e-05,sensor_data,2026-01-30 15:34:07.419
T7,AIN54,Pressure,0.5147411823272705,sensor_data,2026-01-30 15:34:07.446
T7,AIN48,LoadCell,0.0003425442846491933,sensor_data,2026-01-30 15:34:07.446
T7,AIN52,Pressure,0.5122178196907043,sensor_data,2026-01-30 15:34:07.446
T7,AIN49,Thermocouple,-0.0005725601804442704,sensor_data,2026-01-30 15:34:07.446
T7,AIN50,Thermocouple,-2.6599835109664127e-05,sensor_data,2026-01-30 15:34:07.446
T7,AIN54,Pressure,0.5125332474708557,sensor_data,2026-01-30 15:34:07.467
T7,AIN48,LoadCell,0.00033938855631276965,sensor_data,2026-01-30 15:34:07.467
T7,AIN52,Pressure,0.5122178196907043,sensor_data,2026-01-30 15:34:07.467
T7,AIN49,Thermocouple,-0.0005650080274790525,sensor_data,2026-01-30 15:34:07.467
T7,AIN50,Thermocouple,-3.131995254079811e-05,sensor_data,2026-01-30 15:34:07.467
T7,AIN54,Pressure,0.5134795308113098,sensor_data,2026-01-30 15:34:07.488
T7,AIN48,LoadCell,0.0003390729834791273,sensor_data,2026-01-30 15:34:07.488
T7,AIN52,Pressure,0.5109561085700989,sensor_data,2026-01-30 15:34:07.488
T7,AIN49,Thermocouple,-0.0005741335917264223,sensor_data,2026-01-30 15:34:07.488
T7,AIN50,Thermocouple,-4.201888805255294e-05,sensor_data,2026-01-30 15:34:07.488
T7,AIN54,Pressure,0.5147411823272705,sensor_data,2026-01-30 15:34:07.512
T7,AIN48,LoadCell,0.0003195074968971312,sensor_data,2026-01-30 15:34:07.512
T7,AIN52,Pressure,0.5115869641304016,sensor_data,2026-01-30 15:34:07.512
T7,AIN49,Thermocouple,-0.0005587144987657666,sensor_data,2026-01-30 15:34:07.512
T7,AIN50,Thermocouple,-3.729877062141895e-05,sensor_data,2026-01-30 15:34:07.512
T7,AIN54,Pressure,0.5131641030311584,sensor_data,2026-01-30 15:34:07.541
T7,AIN48,LoadCell,0.00032424108940176666,sensor_data,2026-01-30 15:34:07.541
T7,AIN52,Pressure,0.5096943974494934,sensor_data,2026-01-30 15:34:07.541
T7,AIN49,Thermocouple,-0.0005788537091575563,sensor_data,2026-01-30 15:34:07.541
T7,AIN50,Thermocouple,-3.257864955230616e-05,sensor_data,2026-01-30 15:34:07.541
T7,AIN54,Pressure,0.5125332474708557,sensor_data,2026-01-30 15:34:07.541
T7,AIN48,LoadCell,0.0003258189535699785,sensor_data,2026-01-30 15:34:07.541
T7,AIN52,Pressure,0.5103252530097961,sensor_data,2026-01-30 15:34:07.541
T7,AIN49,Thermocouple,-0.0005716161685995758,sensor_data,2026-01-30 15:34:07.541
T7,AIN50,Thermocouple,-2.9431905204546638e-05,sensor_data,2026-01-30 15:34:07.541
T7,AIN54,Pressure,0.5147411823272705,sensor_data,2026-01-30 15:34:07.573
T7,AIN48,LoadCell,0.0003387574106454849,sensor_data,2026-01-30 15:34:07.573
T7,AIN52,Pressure,0.5100098252296448,sensor_data,2026-01-30 15:34:07.573
T7,AIN49,Thermocouple,-0.0005650080274790525,sensor_data,2026-01-30 15:34:07.573
T7,AIN50,Thermocouple,-4.013083889731206e-05,sensor_data,2026-01-30 15:34:07.573
T7,AIN54,Pressure,0.5131641030311584,sensor_data,2026-01-30 15:34:07.601
T7,AIN48,LoadCell,0.00032771239057183266,sensor_data,2026-01-30 15:34:07.601
T7,AIN52,Pressure,0.511902391910553,sensor_data,2026-01-30 15:34:07.601
T7,AIN49,Thermocouple,-0.0005643786862492561,sensor_data,2026-01-30 15:34:07.601
T7,AIN50,Thermocouple,-2.4397111701546237e-05,sensor_data,2026-01-30 15:34:07.601
T7,AIN54,Pressure,0.5115869641304016,sensor_data,2026-01-30 15:34:07.601
T7,AIN48,LoadCell,0.00032865910907275975,sensor_data,2026-01-30 15:34:07.601
T7,AIN52,Pressure,0.5103252530097961,sensor_data,2026-01-30 15:34:07.601
T7,AIN49,Thermocouple,-0.0005631199455820024,sensor_data,2026-01-30 15:34:07.601
T7,AIN50,Thermocouple,-4.390693720779382e-05,sensor_data,2026-01-30 15:34:07.601
T7,AIN54,Pressure,0.5125332474708557,sensor_data,2026-01-30 15:34:07.623
T7,AIN48,LoadCell,0.00032771239057183266,sensor_data,2026-01-30 15:34:07.623
T7,AIN52,Pressure,0.5106406807899475,sensor_data,2026-01-30 15:34:07.623
T7,AIN49,Thermocouple,-0.0005574558163061738,sensor_data,2026-01-30 15:34:07.623
T7,AIN50,Thermocouple,-3.320800169603899e-05,sensor_data,2026-01-30 15:34:07.623
T7,AIN54,Pressure,0.5131641030311584,sensor_data,2026-01-30 15:34:07.649
T7,AIN48,LoadCell,0.0003299214004073292,sensor_data,2026-01-30 15:34:07.649
T7,AIN52,Pressure,0.5106406807899475,sensor_data,2026-01-30 15:34:07.649
T7,AIN49,Thermocouple,-0.0005722455098293722,sensor_data,2026-01-30 15:34:07.649
T7,AIN50,Thermocouple,-4.264823655830696e-05,sensor_data,2026-01-30 15:34:07.649
T7,AIN54,Pressure,0.5115869641304016,sensor_data,2026-01-30 15:34:07.682
T7,AIN48,LoadCell,0.00033213041024282575,sensor_data,2026-01-30 15:34:07.682
T7,AIN52,Pressure,0.5109561085700989,sensor_data,2026-01-30 15:34:07.682
T7,AIN49,Thermocouple,-0.0005687841330654919,sensor_data,2026-01-30 15:34:07.682
T7,AIN50,Thermocouple,-3.478137296042405e-05,sensor_data,2026-01-30 15:34:07.682
T7,AIN54,Pressure,0.5128486752510071,sensor_data,2026-01-30 15:34:07.682
T7,AIN48,LoadCell,0.0003239255165681243,sensor_data,2026-01-30 15:34:07.682
T7,AIN52,Pressure,0.5106406807899475,sensor_data,2026-01-30 15:34:07.682
T7,AIN49,Thermocouple,-0.0005709868273697793,sensor_data,2026-01-30 15:34:07.682
T7,AIN50,Thermocouple,-4.201888805255294e-05,sensor_data,2026-01-30 15:34:07.682
T7,AIN54,Pressure,0.5128486752510071,sensor_data,2026-01-30 15:34:07.708
T7,AIN48,LoadCell,0.0003371795464772731,sensor_data,2026-01-30 15:34:07.708
T7,AIN52,Pressure,0.5122178196907043,sensor_data,2026-01-30 15:34:07.708
T7,AIN49,Thermocouple,-0.0005845178384333849,sensor_data,2026-01-30 15:34:07.708
T7,AIN50,Thermocouple,-3.226397529942915e-05,sensor_data,2026-01-30 15:34:07.708
T7,AIN54,Pressure,0.5125332474708557,sensor_data,2026-01-30 15:34:07.732
T7,AIN48,LoadCell,0.0003352861094754189,sensor_data,2026-01-30 15:34:07.732
T7,AIN52,Pressure,0.5100098252296448,sensor_data,2026-01-30 15:34:07.732
T7,AIN49,Thermocouple,-0.0005731895798817277,sensor_data,2026-01-30 15:34:07.732
T7,AIN50,Thermocouple,-3.635474422480911e-05,sensor_data,2026-01-30 15:34:07.732
T7,AIN54,Pressure,0.5128486752510071,sensor_data,2026-01-30 15:34:07.759
T7,AIN48,LoadCell,0.0003365484008099884,sensor_data,2026-01-30 15:34:07.759
T7,AIN52,Pressure,0.5109561085700989,sensor_data,2026-01-30 15:34:07.759
T7,AIN49,Thermocouple,-0.0005747629329562187,sensor_data,2026-01-30 15:34:07.759
T7,AIN50,Thermocouple,-2.5026462026289664e-05,sensor_data,2026-01-30 15:34:07.759
T7,AIN54,Pressure,0.5131641030311584,sensor_data,2026-01-30 15:34:07.759
T7,AIN48,LoadCell,0.0003289746819064021,sensor_data,2026-01-30 15:34:07.759
T7,AIN52,Pressure,0.5112715363502502,sensor_data,2026-01-30 15:34:07.759
T7,AIN49,Thermocouple,-0.0005735042504966259,sensor_data,2026-01-30 15:34:07.759
T7,AIN50,Thermocouple,-2.722918361541815e-05,sensor_data,2026-01-30 15:34:07.759
T7,AIN54,Pressure,0.5125332474708557,sensor_data,2026-01-30 15:34:07.780
T7,AIN48,LoadCell,0.0003289746819064021,sensor_data,2026-01-30 15:34:07.780
T7,AIN52,Pressure,0.5115869641304016,sensor_data,2026-01-30 15:34:07.780
T7,AIN49,Thermocouple,-0.0005741335917264223,sensor_data,2026-01-30 15:34:07.780
T7,AIN50,Thermocouple,-3.289332744316198e-05,sensor_data,2026-01-30 15:34:07.780
T7,AIN54,Pressure,0.5137949585914612,sensor_data,2026-01-30 15:34:07.808
T7,AIN48,LoadCell,0.0003327615559101105,sensor_data,2026-01-30 15:34:07.808
T7,AIN52,Pressure,0.5100098252296448,sensor_data,2026-01-30 15:34:07.808
T7,AIN49,Thermocouple,-0.0005690988036803901,sensor_data,2026-01-30 15:34:07.808
T7,AIN50,Thermocouple,-3.131995254079811e-05,sensor_data,2026-01-30 15:34:07.808
T7,AIN54,Pressure,0.5128486752510071,sensor_data,2026-01-30 15:34:07.839
T7,AIN48,LoadCell,0.00032329437090083957,sensor_data,2026-01-30 15:34:07.839
T7,AIN52,Pressure,0.5122178196907043,sensor_data,2026-01-30 15:34:07.839
T7,AIN49,Thermocouple,-0.0005722455098293722,sensor_data,2026-01-30 15:34:07.839
T7,AIN50,Thermocouple,-3.320800169603899e-05,sensor_data,2026-01-30 15:34:07.839
T7,AIN54,Pressure,0.5137949585914612,sensor_data,2026-01-30 15:34:07.839
T7,AIN48,LoadCell,0.00032708124490454793,sensor_data,2026-01-30 15:34:07.839
T7,AIN52,Pressure,0.511902391910553,sensor_data,2026-01-30 15:34:07.839
T7,AIN49,Thermocouple,-0.0005700428155250847,sensor_data,2026-01-30 15:34:07.839
T7,AIN50,Thermocouple,-3.9186816138681024e-05,sensor_data,2026-01-30 15:34:07.839
T7,AIN54,Pressure,0.5128486752510071,sensor_data,2026-01-30 15:34:07.865
T7,AIN48,LoadCell,0.00033339267247356474,sensor_data,2026-01-30 15:34:07.865
T7,AIN52,Pressure,0.5103252530097961,sensor_data,2026-01-30 15:34:07.865
T7,AIN49,Thermocouple,-0.0005738189211115241,sensor_data,2026-01-30 15:34:07.865
T7,AIN50,Thermocouple,-3.7613444874295965e-05,sensor_data,2026-01-30 15:34:07.865
T7,AIN54,Pressure,0.5150566101074219,sensor_data,2026-01-30 15:34:07.889
T7,AIN48,LoadCell,0.0003457000129856169,sensor_data,2026-01-30 15:34:07.889
T7,AIN52,Pressure,0.5122178196907043,sensor_data,2026-01-30 15:34:07.889
T7,AIN49,Thermocouple,-0.0005709868273697793,sensor_data,2026-01-30 15:34:07.889
T7,AIN50,Thermocouple,-3.446669870754704e-05,sensor_data,2026-01-30 15:34:07.889
T7,AIN54,Pressure,0.5125332474708557,sensor_data,2026-01-30 15:34:07.914
T7,AIN48,LoadCell,0.00034191313898190856,sensor_data,2026-01-30 15:34:07.914
T7,AIN52,Pressure,0.5106406807899475,sensor_data,2026-01-30 15:34:07.914
T7,AIN49,Thermocouple,-0.0005716161685995758,sensor_data,2026-01-30 15:34:07.914
T7,AIN50,Thermocouple,-5.0515100156189874e-05,sensor_data,2026-01-30 15:34:07.914
T7,AIN54,Pressure,0.5122178196907043,sensor_data,2026-01-30 15:34:07.938
T7,AIN48,LoadCell,0.0003545360523276031,sensor_data,2026-01-30 15:34:07.938
T7,AIN52,Pressure,0.5122178196907043,sensor_data,2026-01-30 15:34:07.938
T7,AIN49,Thermocouple,-0.0005618612631224096,sensor_data,2026-01-30 15:34:07.938
T7,AIN50,Thermocouple,-4.264823655830696e-05,sensor_data,2026-01-30 15:34:07.938
T7,AIN54,Pressure,0.5141103863716125,sensor_data,2026-01-30 15:34:07.938
T7,AIN48,LoadCell,0.0003564294893294573,sensor_data,2026-01-30 15:34:07.938
T7,AIN52,Pressure,0.5106406807899475,sensor_data,2026-01-30 15:34:07.938
T7,AIN49,Thermocouple,-0.0005628052749671042,sensor_data,2026-01-30 15:34:07.938
T7,AIN50,Thermocouple,-3.792811912717298e-05,sensor_data,2026-01-30 15:34:07.938
T7,AIN54,Pressure,0.5131641030311584,sensor_data,2026-01-30 15:34:07.967
T7,AIN48,LoadCell,0.0003763105778489262,sensor_data,2026-01-30 15:34:07.967
T7,AIN52,Pressure,0.5125332474708557,sensor_data,2026-01-30 15:34:07.967
T7,AIN49,Thermocouple,-0.0005760216154158115,sensor_data,2026-01-30 15:34:07.967
T7,AIN50,Thermocouple,-5.0829774409066886e-05,sensor_data,2026-01-30 15:34:07.967
T7,AIN54,Pressure,0.5150566101074219,sensor_data,2026-01-30 15:34:08.003
T7,AIN48,LoadCell,0.00038956463686190546,sensor_data,2026-01-30 15:34:08.003
T7,AIN52,Pressure,0.5112715363502502,sensor_data,2026-01-30 15:34:08.003
T7,AIN49,Thermocouple,-0.000565637368708849,sensor_data,2026-01-30 15:34:08.003
T7,AIN50,Thermocouple,-4.831238038605079e-05,sensor_data,2026-01-30 15:34:08.003
T7,AIN54,Pressure,0.5131641030311584,sensor_data,2026-01-30 15:34:08.003
T7,AIN48,LoadCell,0.0004025030939374119,sensor_data,2026-01-30 15:34:08.003
T7,AIN52,Pressure,0.5103252530097961,sensor_data,2026-01-30 15:34:08.003
T7,AIN49,Thermocouple,-0.0005747629329562187,sensor_data,2026-01-30 15:34:08.003
T7,AIN50,Thermocouple,-5.020042590331286e-05,sensor_data,2026-01-30 15:34:08.003
T7,AIN54,Pressure,0.5122178196907043,sensor_data,2026-01-30 15:34:08.034
T7,AIN48,LoadCell,0.00038546219002455473,sensor_data,2026-01-30 15:34:08.034
T7,AIN52,Pressure,0.5100098252296448,sensor_data,2026-01-30 15:34:08.034
T7,AIN49,Thermocouple,-0.0005757069448009133,sensor_data,2026-01-30 15:34:08.034
T7,AIN50,Thermocouple,-5.554989547817968e-05,sensor_data,2026-01-30 15:34:08.034
T7,AIN54,Pressure,0.5125332474708557,sensor_data,2026-01-30 15:34:08.034
T7,AIN48,LoadCell,0.0004274333477951586,sensor_data,2026-01-30 15:34:08.034
T7,AIN52,Pressure,0.5100098252296448,sensor_data,2026-01-30 15:34:08.034
T7,AIN49,Thermocouple,-0.000571930839214474,sensor_data,2026-01-30 15:34:08.034
T7,AIN50,Thermocouple,-5.5235221225302666e-05,sensor_data,2026-01-30 15:34:08.034
T7,AIN54,Pressure,0.5144258141517639,sensor_data,2026-01-30 15:34:08.089
T7,AIN48,LoadCell,0.000431220221798867,sensor_data,2026-01-30 15:34:08.089
T7,AIN52,Pressure,0.5103252530097961,sensor_data,2026-01-30 15:34:08.089
T7,AIN49,Thermocouple,-0.0005665813805535436,sensor_data,2026-01-30 15:34:08.089
T7,AIN50,Thermocouple,-5.6493918236810714e-05,sensor_data,2026-01-30 15:34:08.089
T7,AIN54,Pressure,0.5122178196907043,sensor_data,2026-01-30 15:34:08.089
T7,AIN48,LoadCell,0.0004372161056380719,sensor_data,2026-01-30 15:34:08.089
T7,AIN52,Pressure,0.5106406807899475,sensor_data,2026-01-30 15:34:08.089
T7,AIN49,Thermocouple,-0.0005643786862492561,sensor_data,2026-01-30 15:34:08.089
T7,AIN50,Thermocouple,-5.775261524831876e-05,sensor_data,2026-01-30 15:34:08.089
T7,AIN54,Pressure,0.5125332474708557,sensor_data,2026-01-30 15:34:08.113
T7,AIN48,LoadCell,0.00044447428081184626,sensor_data,2026-01-30 15:34:08.113
T7,AIN52,Pressure,0.5103252530097961,sensor_data,2026-01-30 15:34:08.113
T7,AIN49,Thermocouple,-0.0005731895798817277,sensor_data,2026-01-30 15:34:08.113
T7,AIN50,Thermocouple,-5.208847505855374e-05,sensor_data,2026-01-30 15:34:08.113
T7,AIN54,Pressure,0.5131641030311584,sensor_data,2026-01-30 15:34:08.138
T7,AIN48,LoadCell,0.0004536258929874748,sensor_data,2026-01-30 15:34:08.138
T7,AIN52,Pressure,0.5122178196907043,sensor_data,2026-01-30 15:34:08.138
T7,AIN49,Thermocouple,-0.0005690988036803901,sensor_data,2026-01-30 15:34:08.138
T7,AIN50,Thermocouple,-4.736835398944095e-05,sensor_data,2026-01-30 15:34:08.138
T7,AIN54,Pressure,0.5125332474708557,sensor_data,2026-01-30 15:34:08.170
T7,AIN48,LoadCell,0.0004501545918174088,sensor_data,2026-01-30 15:34:08.170
T7,AIN52,Pressure,0.5128486752510071,sensor_data,2026-01-30 15:34:08.170
T7,AIN49,Thermocouple,-0.00056721072178334,sensor_data,2026-01-30 15:34:08.170
T7,AIN50,Thermocouple,-5.8696641644928604e-05,sensor_data,2026-01-30 15:34:08.170
T7,AIN54,Pressure,0.511902391910553,sensor_data,2026-01-30 15:34:08.170
T7,AIN48,LoadCell,0.00046025292249396443,sensor_data,2026-01-30 15:34:08.170
T7,AIN52,Pressure,0.5115869641304016,sensor_data,2026-01-30 15:34:08.170
T7,AIN49,Thermocouple,-0.0005694134742952883,sensor_data,2026-01-30 15:34:08.170
T7,AIN50,Thermocouple,-5.6493918236810714e-05,sensor_data,2026-01-30 15:34:08.170
T7,AIN54,Pressure,0.5137949585914612,sensor_data,2026-01-30 15:34:08.195
T7,AIN48,LoadCell,0.00048108070041052997,sensor_data,2026-01-30 15:34:08.195
T7,AIN52,Pressure,0.5106406807899475,sensor_data,2026-01-30 15:34:08.195
T7,AIN49,Thermocouple,-0.000562490604352206,sensor_data,2026-01-30 15:34:08.195
T7,AIN50,Thermocouple,-6.719285011058673e-05,sensor_data,2026-01-30 15:34:08.195
T7,AIN54,Pressure,0.5131641030311584,sensor_data,2026-01-30 15:34:08.195
T7,AIN48,LoadCell,0.0004867610114160925,sensor_data,2026-01-30 15:34:08.195
T7,AIN52,Pressure,0.5106406807899475,sensor_data,2026-01-30 15:34:08.195
T7,AIN49,Thermocouple,-0.0005697281449101865,sensor_data,2026-01-30 15:34:08.195
T7,AIN50,Thermocouple,-7.065427053021267e-05,sensor_data,2026-01-30 15:34:08.195
T7,AIN54,Pressure,0.5125332474708557,sensor_data,2026-01-30 15:34:08.249
T7,AIN48,LoadCell,0.00048392085591331124,sensor_data,2026-01-30 15:34:08.249
T7,AIN52,Pressure,0.511902391910553,sensor_data,2026-01-30 15:34:08.249
T7,AIN49,Thermocouple,-0.0005640640156343579,sensor_data,2026-01-30 15:34:08.249
T7,AIN50,Thermocouple,-5.995533865643665e-05,sensor_data,2026-01-30 15:34:08.249
T7,AIN54,Pressure,0.5128486752510071,sensor_data,2026-01-30 15:34:08.250
T7,AIN48,LoadCell,0.0004993838956579566,sensor_data,2026-01-30 15:34:08.250
T7,AIN52,Pressure,0.5106406807899475,sensor_data,2026-01-30 15:34:08.250
T7,AIN49,Thermocouple,-0.0005662667099386454,sensor_data,2026-01-30 15:34:08.250
T7,AIN50,Thermocouple,-5.5235221225302666e-05,sensor_data,2026-01-30 15:34:08.250
T7,AIN54,Pressure,0.5122178196907043,sensor_data,2026-01-30 15:34:08.274
T7,AIN48,LoadCell,0.0004870765842497349,sensor_data,2026-01-30 15:34:08.274
T7,AIN52,Pressure,0.5103252530097961,sensor_data,2026-01-30 15:34:08.274
T7,AIN49,Thermocouple,-0.0005700428155250847,sensor_data,2026-01-30 15:34:08.274
T7,AIN50,Thermocouple,-6.310208118520677e-05,sensor_data,2026-01-30 15:34:08.274
T7,AIN54,Pressure,0.5128486752510071,sensor_data,2026-01-30 15:34:08.274
T7,AIN48,LoadCell,0.000474138098070398,sensor_data,2026-01-30 15:34:08.274
T7,AIN52,Pressure,0.511902391910553,sensor_data,2026-01-30 15:34:08.274
T7,AIN49,Thermocouple,-0.0005681547336280346,sensor_data,2026-01-30 15:34:08.274
T7,AIN50,Thermocouple,-6.0270012909313664e-05,sensor_data,2026-01-30 15:34:08.274
T7,AIN54,Pressure,0.5128486752510071,sensor_data,2026-01-30 15:34:08.329
T7,AIN48,LoadCell,0.0004798184090759605,sensor_data,2026-01-30 15:34:08.329
T7,AIN52,Pressure,0.5109561085700989,sensor_data,2026-01-30 15:34:08.329
T7,AIN49,Thermocouple,-0.000560917251277715,sensor_data,2026-01-30 15:34:08.329
T7,AIN50,Thermocouple,-6.436078547267243e-05,sensor_data,2026-01-30 15:34:08.329
T7,AIN54,Pressure,0.5125332474708557,sensor_data,2026-01-30 15:34:08.329
T7,AIN48,LoadCell,0.00047098236973397434,sensor_data,2026-01-30 15:34:08.329
T7,AIN52,Pressure,0.5103252530097961,sensor_data,2026-01-30 15:34:08.329
T7,AIN49,Thermocouple,-0.0005728748510591686,sensor_data,2026-01-30 15:34:08.329
T7,AIN50,Thermocouple,-4.3277585064060986e-05,sensor_data,2026-01-30 15:34:08.329
T7,AIN54,Pressure,0.5141103863716125,sensor_data,2026-01-30 15:34:08.358
T7,AIN48,LoadCell,0.00046498648589476943,sensor_data,2026-01-30 15:34:08.358
T7,AIN52,Pressure,0.5109561085700989,sensor_data,2026-01-30 15:34:08.358
T7,AIN49,Thermocouple,-0.0005757069448009133,sensor_data,2026-01-30 15:34:08.358
T7,AIN50,Thermocouple,-6.0270012909313664e-05,sensor_data,2026-01-30 15:34:08.358
T7,AIN54,Pressure,0.5128486752510071,sensor_data,2026-01-30 15:34:08.358
T7,AIN48,LoadCell,0.0004615152138285339,sensor_data,2026-01-30 15:34:08.358
T7,AIN52,Pressure,0.5109561085700989,sensor_data,2026-01-30 15:34:08.358
T7,AIN49,Thermocouple,-0.0005687841330654919,sensor_data,2026-01-30 15:34:08.358
T7,AIN50,Thermocouple,-5.2717823564307764e-05,sensor_data,2026-01-30 15:34:08.358
T7,AIN54,Pressure,0.5131641030311584,sensor_data,2026-01-30 15:34:08.391
T7,AIN48,LoadCell,0.0004627774760592729,sensor_data,2026-01-30 15:34:08.391
T7,AIN52,Pressure,0.5122178196907043,sensor_data,2026-01-30 15:34:08.391
T7,AIN49,Thermocouple,-0.0005709868273697793,sensor_data,2026-01-30 15:34:08.391
T7,AIN50,Thermocouple,-4.485095996642485e-05,sensor_data,2026-01-30 15:34:08.391
T7,AIN54,Pressure,0.5131641030311584,sensor_data,2026-01-30 15:34:08.417
T7,AIN48,LoadCell,0.00043500709580257535,sensor_data,2026-01-30 15:34:08.417
T7,AIN52,Pressure,0.5100098252296448,sensor_data,2026-01-30 15:34:08.417
T7,AIN49,Thermocouple,-0.0005678400630131364,sensor_data,2026-01-30 15:34:08.417
T7,AIN50,Thermocouple,-1.8732969692791812e-05,sensor_data,2026-01-30 15:34:08.417
T7,AIN54,Pressure,0.5134795308113098,sensor_data,2026-01-30 15:34:08.439
T7,AIN48,LoadCell,0.0003942982293665409,sensor_data,2026-01-30 15:34:08.439
T7,AIN52,Pressure,0.5109561085700989,sensor_data,2026-01-30 15:34:08.439
T7,AIN49,Thermocouple,-0.000571930839214474,sensor_data,2026-01-30 15:34:08.439
T7,AIN50,Thermocouple,-3.415202445467003e-05,sensor_data,2026-01-30 15:34:08.439
T7,AIN54,Pressure,0.5125332474708557,sensor_data,2026-01-30 15:34:08.468
T7,AIN48,LoadCell,0.00036526552867144346,sensor_data,2026-01-30 15:34:08.468
T7,AIN52,Pressure,0.5115869641304016,sensor_data,2026-01-30 15:34:08.468
T7,AIN49,Thermocouple,-0.0005640640156343579,sensor_data,2026-01-30 15:34:08.468
T7,AIN50,Thermocouple,-3.3837350201793015e-05,sensor_data,2026-01-30 15:34:08.468
T7,AIN54,Pressure,0.5141103863716125,sensor_data,2026-01-30 15:34:08.468
T7,AIN48,LoadCell,0.0003390729834791273,sensor_data,2026-01-30 15:34:08.468
T7,AIN52,Pressure,0.5106406807899475,sensor_data,2026-01-30 15:34:08.468
T7,AIN49,Thermocouple,-0.000571930839214474,sensor_data,2026-01-30 15:34:08.468
T7,AIN50,Thermocouple,-2.4397111701546237e-05,sensor_data,2026-01-30 15:34:08.468
T7,AIN54,Pressure,0.5131641030311584,sensor_data,2026-01-30 15:34:08.498
T7,AIN48,LoadCell,0.00033686397364363074,sensor_data,2026-01-30 15:34:08.498
T7,AIN52,Pressure,0.5106406807899475,sensor_data,2026-01-30 15:34:08.498
T7,AIN49,Thermocouple,-0.0005678400630131364,sensor_data,2026-01-30 15:34:08.498
T7,AIN50,Thermocouple,-1.4327526514534838e-05,sensor_data,2026-01-30 15:34:08.498
T7,AIN54,Pressure,0.5128486752510071,sensor_data,2026-01-30 15:34:08.498
T7,AIN48,LoadCell,0.0003005731268785894,sensor_data,2026-01-30 15:34:08.498
T7,AIN52,Pressure,0.5115869641304016,sensor_data,2026-01-30 15:34:08.498
T7,AIN49,Thermocouple,-0.0005650080274790525,sensor_data,2026-01-30 15:34:08.498
T7,AIN50,Thermocouple,-2.1250367353786714e-05,sensor_data,2026-01-30 15:34:08.498
T7,AIN54,Pressure,0.5131641030311584,sensor_data,2026-01-30 15:34:08.522
T7,AIN48,LoadCell,0.00028605677653104067,sensor_data,2026-01-30 15:34:08.522
T7,AIN52,Pressure,0.5109561085700989,sensor_data,2026-01-30 15:34:08.522
T7,AIN49,Thermocouple,-0.0005713014979846776,sensor_data,2026-01-30 15:34:08.522
T7,AIN50,Thermocouple,-1.7788946934160776e-05,sensor_data,2026-01-30 15:34:08.522
T7,AIN54,Pressure,0.511902391910553,sensor_data,2026-01-30 15:34:08.577
T7,AIN48,LoadCell,0.0002737494360189885,sensor_data,2026-01-30 15:34:08.577
T7,AIN52,Pressure,0.5084326863288879,sensor_data,2026-01-30 15:34:08.577
T7,AIN49,Thermocouple,-0.0005731895798817277,sensor_data,2026-01-30 15:34:08.577
T7,AIN50,Thermocouple,-2.4397111701546237e-05,sensor_data,2026-01-30 15:34:08.577
T7,AIN54,Pressure,0.5122178196907043,sensor_data,2026-01-30 15:34:08.577
T7,AIN48,LoadCell,0.0002702781348489225,sensor_data,2026-01-30 15:34:08.577
T7,AIN52,Pressure,0.511902391910553,sensor_data,2026-01-30 15:34:08.577
T7,AIN49,Thermocouple,-0.0005772802978754044,sensor_data,2026-01-30 15:34:08.577
T7,AIN50,Thermocouple,-2.5026462026289664e-05,sensor_data,2026-01-30 15:34:08.577
T7,AIN54,Pressure,0.5122178196907043,sensor_data,2026-01-30 15:34:08.577
T7,AIN48,LoadCell,0.0002627044159453362,sensor_data,2026-01-30 15:34:08.577
T7,AIN52,Pressure,0.5122178196907043,sensor_data,2026-01-30 15:34:08.577
T7,AIN49,Thermocouple,-0.0005713014979846776,sensor_data,2026-01-30 15:34:08.577
T7,AIN50,Thermocouple,-2.691450936254114e-05,sensor_data,2026-01-30 15:34:08.577
T7,AIN54,Pressure,0.5137949585914612,sensor_data,2026-01-30 15:34:08.607
T7,AIN48,LoadCell,0.0002592331147752702,sensor_data,2026-01-30 15:34:08.607
T7,AIN52,Pressure,0.5109561085700989,sensor_data,2026-01-30 15:34:08.607
T7,AIN49,Thermocouple,-0.0005744482623413205,sensor_data,2026-01-30 15:34:08.607
T7,AIN50,Thermocouple,-1.1810129763034638e-05,sensor_data,2026-01-30 15:34:08.607
T7,AIN54,Pressure,0.5131641030311584,sensor_data,2026-01-30 15:34:08.632
T7,AIN48,LoadCell,0.00026586014428175986,sensor_data,2026-01-30 15:34:08.632
T7,AIN52,Pressure,0.5100098252296448,sensor_data,2026-01-30 15:34:08.632
T7,AIN49,Thermocouple,-0.0005722455098293722,sensor_data,2026-01-30 15:34:08.632
T7,AIN50,Thermocouple,-1.715959660941735e-05,sensor_data,2026-01-30 15:34:08.632
T7,AIN54,Pressure,0.5128486752510071,sensor_data,2026-01-30 15:34:08.662
T7,AIN48,LoadCell,0.00025639295927248895,sensor_data,2026-01-30 15:34:08.662
T7,AIN52,Pressure,0.5122178196907043,sensor_data,2026-01-30 15:34:08.662
T7,AIN49,Thermocouple,-0.0005684694624505937,sensor_data,2026-01-30 15:34:08.662
T7,AIN50,Thermocouple,-2.1250367353786714e-05,sensor_data,2026-01-30 15:34:08.662
T7,AIN54,Pressure,0.5134795308113098,sensor_data,2026-01-30 15:34:08.662
T7,AIN48,LoadCell,0.00026680686278268695,sensor_data,2026-01-30 15:34:08.662
T7,AIN52,Pressure,0.511902391910553,sensor_data,2026-01-30 15:34:08.662
T7,AIN49,Thermocouple,-0.0005731895798817277,sensor_data,2026-01-30 15:34:08.662
T7,AIN50,Thermocouple,-1.6844922356540337e-05,sensor_data,2026-01-30 15:34:08.662
T7,AIN54,Pressure,0.5131641030311584,sensor_data,2026-01-30 15:34:08.695
T7,AIN48,LoadCell,0.00026775358128361404,sensor_data,2026-01-30 15:34:08.695
T7,AIN52,Pressure,0.5115869641304016,sensor_data,2026-01-30 15:34:08.695
T7,AIN49,Thermocouple,-0.000565637368708849,sensor_data,2026-01-30 15:34:08.695
T7,AIN50,Thermocouple,-1.6530248103663325e-05,sensor_data,2026-01-30 15:34:08.695
T7,AIN54,Pressure,0.5128486752510071,sensor_data,2026-01-30 15:34:08.695
T7,AIN48,LoadCell,0.0002639667072799057,sensor_data,2026-01-30 15:34:08.695
T7,AIN52,Pressure,0.5122178196907043,sensor_data,2026-01-30 15:34:08.695
T7,AIN49,Thermocouple,-0.0005637493450194597,sensor_data,2026-01-30 15:34:08.695
T7,AIN50,Thermocouple,-2.4082437448669225e-05,sensor_data,2026-01-30 15:34:08.695
T7,AIN54,Pressure,0.5125332474708557,sensor_data,2026-01-30 15:34:08.727
T7,AIN48,LoadCell,0.00025481509510427713,sensor_data,2026-01-30 15:34:08.727
T7,AIN52,Pressure,0.5103252530097961,sensor_data,2026-01-30 15:34:08.727
T7,AIN49,Thermocouple,-0.00056721072178334,sensor_data,2026-01-30 15:34:08.727
T7,AIN50,Thermocouple,-1.4327526514534838e-05,sensor_data,2026-01-30 15:34:08.727
T7,AIN54,Pressure,0.5125332474708557,sensor_data,2026-01-30 15:34:08.749
T7,AIN48,LoadCell,0.0002655445714481175,sensor_data,2026-01-30 15:34:08.749
T7,AIN52,Pressure,0.5103252530097961,sensor_data,2026-01-30 15:34:08.749
T7,AIN49,Thermocouple,-0.0005788537091575563,sensor_data,2026-01-30 15:34:08.749
T7,AIN50,Thermocouple,-2.0621017029043287e-05,sensor_data,2026-01-30 15:34:08.749
T7,AIN54,Pressure,0.5128486752510071,sensor_data,2026-01-30 15:34:08.779
T7,AIN48,LoadCell,0.00027406500885263085,sensor_data,2026-01-30 15:34:08.779
T7,AIN52,Pressure,0.5106406807899475,sensor_data,2026-01-30 15:34:08.779
T7,AIN49,Thermocouple,-0.0005681547336280346,sensor_data,2026-01-30 15:34:08.779
T7,AIN50,Thermocouple,-1.6530248103663325e-05,sensor_data,2026-01-30 15:34:08.779
T7,AIN54,Pressure,0.5141103863716125,sensor_data,2026-01-30 15:34:08.779
T7,AIN48,LoadCell,0.0002595486876089126,sensor_data,2026-01-30 15:34:08.779
T7,AIN52,Pressure,0.5109561085700989,sensor_data,2026-01-30 15:34:08.779
T7,AIN49,Thermocouple,-0.0005738189211115241,sensor_data,2026-01-30 15:34:08.779
T7,AIN50,Thermocouple,-1.4956875020288862e-05,sensor_data,2026-01-30 15:34:08.779
T7,AIN54,Pressure,0.5131641030311584,sensor_data,2026-01-30 15:34:08.829
T7,AIN48,LoadCell,0.00026175769744440913,sensor_data,2026-01-30 15:34:08.829
T7,AIN52,Pressure,0.5106406807899475,sensor_data,2026-01-30 15:34:08.829
T7,AIN49,Thermocouple,-0.0005725601804442704,sensor_data,2026-01-30 15:34:08.829
T7,AIN50,Thermocouple,-3.289332744316198e-05,sensor_data,2026-01-30 15:34:08.829
T7,AIN54,Pressure,0.5144258141517639,sensor_data,2026-01-30 15:34:08.829
T7,AIN48,LoadCell,0.00025292165810242295,sensor_data,2026-01-30 15:34:08.829
T7,AIN52,Pressure,0.5109561085700989,sensor_data,2026-01-30 15:34:08.829
T7,AIN49,Thermocouple,-0.0005747629329562187,sensor_data,2026-01-30 15:34:08.829
T7,AIN50,Thermocouple,-1.6215573850786313e-05,sensor_data,2026-01-30 15:34:08.829
T7,AIN54,Pressure,0.5128486752510071,sensor_data,2026-01-30 15:34:08.853
T7,AIN48,LoadCell,0.0002645978529471904,sensor_data,2026-01-30 15:34:08.853
T7,AIN52,Pressure,0.5109561085700989,sensor_data,2026-01-30 15:34:08.853
T7,AIN49,Thermocouple,-0.0005769656272605062,sensor_data,2026-01-30 15:34:08.853
T7,AIN50,Thermocouple,-1.84182954399148e-05,sensor_data,2026-01-30 15:34:08.853
T7,AIN54,Pressure,0.5122178196907043,sensor_data,2026-01-30 15:34:08.879
T7,AIN48,LoadCell,0.00025134379393421113,sensor_data,2026-01-30 15:34:08.879
T7,AIN52,Pressure,0.511902391910553,sensor_data,2026-01-30 15:34:08.879
T7,AIN49,Thermocouple,-0.0005634346161969006,sensor_data,2026-01-30 15:34:08.879
T7,AIN50,Thermocouple,-1.6215573850786313e-05,sensor_data,2026-01-30 15:34:08.879
T7,AIN54,Pressure,0.5131641030311584,sensor_data,2026-01-30 15:34:08.879
T7,AIN48,LoadCell,0.00026144212461076677,sensor_data,2026-01-30 15:34:08.879
T7,AIN52,Pressure,0.5084326863288879,sensor_data,2026-01-30 15:34:08.879
T7,AIN49,Thermocouple,-0.000571930839214474,sensor_data,2026-01-30 15:34:08.879
T7,AIN50,Thermocouple,-1.4956875020288862e-05,sensor_data,2026-01-30 15:34:08.879
T7,AIN54,Pressure,0.5134795308113098,sensor_data,2026-01-30 15:34:08.906
T7,AIN48,LoadCell,0.0002645978529471904,sensor_data,2026-01-30 15:34:08.906
T7,AIN52,Pressure,0.5103252530097961,sensor_data,2026-01-30 15:34:08.906
T7,AIN49,Thermocouple,-0.0005690988036803901,sensor_data,2026-01-30 15:34:08.906
T7,AIN50,Thermocouple,-2.1250367353786714e-05,sensor_data,2026-01-30 15:34:08.906
T7,AIN54,Pressure,0.5125332474708557,sensor_data,2026-01-30 15:34:08.933
T7,AIN48,LoadCell,0.00026586014428175986,sensor_data,2026-01-30 15:34:08.933
T7,AIN52,Pressure,0.511902391910553,sensor_data,2026-01-30 15:34:08.933
T7,AIN49,Thermocouple,-0.0005829444853588939,sensor_data,2026-01-30 15:34:08.933
T7,AIN50,Thermocouple,-2.0306342776166275e-05,sensor_data,2026-01-30 15:34:08.933
T7,AIN54,Pressure,0.5128486752510071,sensor_data,2026-01-30 15:34:08.958
T7,AIN48,LoadCell,0.00025891754194162786,sensor_data,2026-01-30 15:34:08.958
T7,AIN52,Pressure,0.511902391910553,sensor_data,2026-01-30 15:34:08.958
T7,AIN49,Thermocouple,-0.0005690988036803901,sensor_data,2026-01-30 15:34:08.958
T7,AIN50,Thermocouple,-2.2509064365294762e-05,sensor_data,2026-01-30 15:34:08.958
T7,AIN54,Pressure,0.5122178196907043,sensor_data,2026-01-30 15:34:08.959
T7,AIN48,LoadCell,0.0002639667072799057,sensor_data,2026-01-30 15:34:08.959
T7,AIN52,Pressure,0.5122178196907043,sensor_data,2026-01-30 15:34:08.959
T7,AIN49,Thermocouple,-0.0005687841330654919,sensor_data,2026-01-30 15:34:08.959
T7,AIN50,Thermocouple,-1.6215573850786313e-05,sensor_data,2026-01-30 15:34:08.959
T7,AIN54,Pressure,0.5141103863716125,sensor_data,2026-01-30 15:34:08.983
T7,AIN48,LoadCell,0.0002728027175180614,sensor_data,2026-01-30 15:34:08.983
T7,AIN52,Pressure,0.5115869641304016,sensor_data,2026-01-30 15:34:08.983
T7,AIN49,Thermocouple,-0.0005722455098293722,sensor_data,2026-01-30 15:34:08.983
T7,AIN50,Thermocouple,-2.1565041606663726e-05,sensor_data,2026-01-30 15:34:08.983
T7,AIN54,Pressure,0.5128486752510071,sensor_data,2026-01-30 15:34:09.007
T7,AIN48,LoadCell,0.0002481880655977875,sensor_data,2026-01-30 15:34:09.007
T7,AIN52,Pressure,0.5122178196907043,sensor_data,2026-01-30 15:34:09.007
T7,AIN49,Thermocouple,-0.0005713014979846776,sensor_data,2026-01-30 15:34:09.007
T7,AIN50,Thermocouple,-2.4397111701546237e-05,sensor_data,2026-01-30 15:34:09.007
T7,AIN54,Pressure,0.5141103863716125,sensor_data,2026-01-30 15:34:09.031
T7,AIN48,LoadCell,0.00026838472695089877,sensor_data,2026-01-30 15:34:09.031
T7,AIN52,Pressure,0.5106406807899475,sensor_data,2026-01-30 15:34:09.031
T7,AIN49,Thermocouple,-0.0005668960511684418,sensor_data,2026-01-30 15:34:09.031
T7,AIN50,Thermocouple,-3.006125371030066e-05,sensor_data,2026-01-30 15:34:09.031
T7,AIN54,Pressure,0.5144258141517639,sensor_data,2026-01-30 15:34:09.055
T7,AIN48,LoadCell,0.00026996256201528013,sensor_data,2026-01-30 15:34:09.055
T7,AIN52,Pressure,0.5115869641304016,sensor_data,2026-01-30 15:34:09.055
T7,AIN49,Thermocouple,-0.0005813710740767419,sensor_data,2026-01-30 15:34:09.055
T7,AIN50,Thermocouple,-1.8732969692791812e-05,sensor_data,2026-01-30 15:34:09.055
T7,AIN54,Pressure,0.5144258141517639,sensor_data,2026-01-30 15:34:09.055
T7,AIN48,LoadCell,0.0002746961545199156,sensor_data,2026-01-30 15:34:09.055
T7,AIN52,Pressure,0.511902391910553,sensor_data,2026-01-30 15:34:09.055
T7,AIN49,Thermocouple,-0.0005653226980939507,sensor_data,2026-01-30 15:34:09.055
T7,AIN50,Thermocouple,-2.5026462026289664e-05,sensor_data,2026-01-30 15:34:09.055
T7,AIN54,Pressure,0.5137949585914612,sensor_data,2026-01-30 15:34:09.079
T7,AIN48,LoadCell,0.0002838477666955441,sensor_data,2026-01-30 15:34:09.079
T7,AIN52,Pressure,0.5106406807899475,sensor_data,2026-01-30 15:34:09.079
T7,AIN49,Thermocouple,-0.0005684694624505937,sensor_data,2026-01-30 15:34:09.079
T7,AIN50,Thermocouple,-1.7474272681283765e-05,sensor_data,2026-01-30 15:34:09.079
T7,AIN54,Pressure,0.5128486752510071,sensor_data,2026-01-30 15:34:09.104
T7,AIN48,LoadCell,0.00028290104819461703,sensor_data,2026-01-30 15:34:09.104
T7,AIN52,Pressure,0.5112715363502502,sensor_data,2026-01-30 15:34:09.104
T7,AIN49,Thermocouple,-0.0005797977210022509,sensor_data,2026-01-30 15:34:09.104
T7,AIN50,Thermocouple,-2.313841469003819e-05,sensor_data,2026-01-30 15:34:09.104
T7,AIN54,Pressure,0.5144258141517639,sensor_data,2026-01-30 15:34:09.128
T7,AIN48,LoadCell,0.00027848302852362394,sensor_data,2026-01-30 15:34:09.128
T7,AIN52,Pressure,0.5122178196907043,sensor_data,2026-01-30 15:34:09.128
T7,AIN49,Thermocouple,-0.0005731895798817277,sensor_data,2026-01-30 15:34:09.128
T7,AIN50,Thermocouple,-2.8173206374049187e-05,sensor_data,2026-01-30 15:34:09.128
T7,AIN54,Pressure,0.5131641030311584,sensor_data,2026-01-30 15:34:09.152
T7,AIN48,LoadCell,0.0002806920383591205,sensor_data,2026-01-30 15:34:09.152
T7,AIN52,Pressure,0.5106406807899475,sensor_data,2026-01-30 15:34:09.152
T7,AIN49,Thermocouple,-0.0005703574861399829,sensor_data,2026-01-30 15:34:09.152
T7,AIN50,Thermocouple,-2.2509064365294762e-05,sensor_data,2026-01-30 15:34:09.152
T7,AIN54,Pressure,0.5141103863716125,sensor_data,2026-01-30 15:34:09.184
T7,AIN48,LoadCell,0.00027942974702455103,sensor_data,2026-01-30 15:34:09.184
T7,AIN52,Pressure,0.5109561085700989,sensor_data,2026-01-30 15:34:09.184
T7,AIN49,Thermocouple,-0.0005779096973128617,sensor_data,2026-01-30 15:34:09.184
T7,AIN50,Thermocouple,-2.5655810532043688e-05,sensor_data,2026-01-30 15:34:09.184
T7,AIN54,Pressure,0.5144258141517639,sensor_data,2026-01-30 15:34:09.184
T7,AIN48,LoadCell,0.00028542563086375594,sensor_data,2026-01-30 15:34:09.184
T7,AIN52,Pressure,0.5100098252296448,sensor_data,2026-01-30 15:34:09.184
T7,AIN49,Thermocouple,-0.0005763362860307097,sensor_data,2026-01-30 15:34:09.184
T7,AIN50,Thermocouple,-1.6530248103663325e-05,sensor_data,2026-01-30 15:34:09.184
T7,AIN54,Pressure,0.5144258141517639,sensor_data,2026-01-30 15:34:09.209
T7,AIN48,LoadCell,0.00027311829035170376,sensor_data,2026-01-30 15:34:09.209
T7,AIN52,Pressure,0.5103252530097961,sensor_data,2026-01-30 15:34:09.209
T7,AIN49,Thermocouple,-0.0005747629329562187,sensor_data,2026-01-30 15:34:09.209
T7,AIN50,Thermocouple,-2.5026462026289664e-05,sensor_data,2026-01-30 15:34:09.209
T7,AIN54,Pressure,0.5141103863716125,sensor_data,2026-01-30 15:34:09.234
T7,AIN48,LoadCell,0.0002813231840264052,sensor_data,2026-01-30 15:34:09.234
T7,AIN52,Pressure,0.5106406807899475,sensor_data,2026-01-30 15:34:09.234
T7,AIN49,Thermocouple,-0.0005697281449101865,sensor_data,2026-01-30 15:34:09.234
T7,AIN50,Thermocouple,-2.4397111701546237e-05,sensor_data,2026-01-30 15:34:09.234
T7,AIN54,Pressure,0.5141103863716125,sensor_data,2026-01-30 15:34:09.234
T7,AIN48,LoadCell,0.0002892125048674643,sensor_data,2026-01-30 15:34:09.234
T7,AIN52,Pressure,0.5109561085700989,sensor_data,2026-01-30 15:34:09.234
T7,AIN49,Thermocouple,-0.0005681547336280346,sensor_data,2026-01-30 15:34:09.234
T7,AIN50,Thermocouple,-2.3767763195792213e-05,sensor_data,2026-01-30 15:34:09.234
T7,AIN54,Pressure,0.5122178196907043,sensor_data,2026-01-30 15:34:09.280
T7,AIN48,LoadCell,0.0002851100580301136,sensor_data,2026-01-30 15:34:09.280
T7,AIN52,Pressure,0.509378969669342,sensor_data,2026-01-30 15:34:09.280
T7,AIN49,Thermocouple,-0.0005747629329562187,sensor_data,2026-01-30 15:34:09.280
T7,AIN50,Thermocouple,-1.4956875020288862e-05,sensor_data,2026-01-30 15:34:09.280
T7,AIN54,Pressure,0.5128486752510071,sensor_data,2026-01-30 15:34:09.280
T7,AIN48,LoadCell,0.0002781674556899816,sensor_data,2026-01-30 15:34:09.280
T7,AIN52,Pressure,0.5106406807899475,sensor_data,2026-01-30 15:34:09.280
T7,AIN49,Thermocouple,-0.0005760216154158115,sensor_data,2026-01-30 15:34:09.280
T7,AIN50,Thermocouple,-1.9991668523289263e-05,sensor_data,2026-01-30 15:34:09.280
T7,AIN54,Pressure,0.5147411823272705,sensor_data,2026-01-30 15:34:09.306
T7,AIN48,LoadCell,0.0002942616702057421,sensor_data,2026-01-30 15:34:09.306
T7,AIN52,Pressure,0.5122178196907043,sensor_data,2026-01-30 15:34:09.306
T7,AIN49,Thermocouple,-0.0005637493450194597,sensor_data,2026-01-30 15:34:09.306
T7,AIN50,Thermocouple,-3.131995254079811e-05,sensor_data,2026-01-30 15:34:09.306
T7,AIN54,Pressure,0.5141103863716125,sensor_data,2026-01-30 15:34:09.336
T7,AIN48,LoadCell,0.00029236823320388794,sensor_data,2026-01-30 15:34:09.336
T7,AIN52,Pressure,0.5103252530097961,sensor_data,2026-01-30 15:34:09.336
T7,AIN49,Thermocouple,-0.0005606025806628168,sensor_data,2026-01-30 15:34:09.336
T7,AIN50,Thermocouple,-2.3767763195792213e-05,sensor_data,2026-01-30 15:34:09.336
T7,AIN54,Pressure,0.5134795308113098,sensor_data,2026-01-30 15:34:09.336
T7,AIN48,LoadCell,0.0002942616702057421,sensor_data,2026-01-30 15:34:09.336
T7,AIN52,Pressure,0.5106406807899475,sensor_data,2026-01-30 15:34:09.336
T7,AIN49,Thermocouple,-0.0005706721567548811,sensor_data,2026-01-30 15:34:09.336
T7,AIN50,Thermocouple,-2.4711787773412652e-05,sensor_data,2026-01-30 15:34:09.336
T7,AIN54,Pressure,0.5134795308113098,sensor_data,2026-01-30 15:34:09.356
T7,AIN48,LoadCell,0.0002851100580301136,sensor_data,2026-01-30 15:34:09.356
T7,AIN52,Pressure,0.5109561085700989,sensor_data,2026-01-30 15:34:09.356
T7,AIN49,Thermocouple,-0.0005722455098293722,sensor_data,2026-01-30 15:34:09.356
T7,AIN50,Thermocouple,-3.257864955230616e-05,sensor_data,2026-01-30 15:34:09.356
T7,AIN54,Pressure,0.5125332474708557,sensor_data,2026-01-30 15:34:09.377
T7,AIN48,LoadCell,0.00029489281587302685,sensor_data,2026-01-30 15:34:09.377
T7,AIN52,Pressure,0.5103252530097961,sensor_data,2026-01-30 15:34:09.377
T7,AIN49,Thermocouple,-0.0005634346161969006,sensor_data,2026-01-30 15:34:09.377
T7,AIN50,Thermocouple,-1.4956875020288862e-05,sensor_data,2026-01-30 15:34:09.377
T7,AIN54,Pressure,0.5141103863716125,sensor_data,2026-01-30 15:34:09.425
T7,AIN48,LoadCell,0.0002926838060375303,sensor_data,2026-01-30 15:34:09.425
T7,AIN52,Pressure,0.5103252530097961,sensor_data,2026-01-30 15:34:09.425
T7,AIN49,Thermocouple,-0.000571930839214474,sensor_data,2026-01-30 15:34:09.425
T7,AIN50,Thermocouple,-2.6285159037797712e-05,sensor_data,2026-01-30 15:34:09.425
T7,AIN54,Pressure,0.5131641030311584,sensor_data,2026-01-30 15:34:09.425
T7,AIN48,LoadCell,0.0002885813592001796,sensor_data,2026-01-30 15:34:09.425
T7,AIN52,Pressure,0.5106406807899475,sensor_data,2026-01-30 15:34:09.425
T7,AIN49,Thermocouple,-0.0005794830503873527,sensor_data,2026-01-30 15:34:09.425
T7,AIN50,Thermocouple,-2.5341136279166676e-05,sensor_data,2026-01-30 15:34:09.425
T7,AIN54,Pressure,0.5128486752510071,sensor_data,2026-01-30 15:34:09.450
T7,AIN48,LoadCell,0.00028952807770110667,sensor_data,2026-01-30 15:34:09.450
T7,AIN52,Pressure,0.5100098252296448,sensor_data,2026-01-30 15:34:09.450
T7,AIN49,Thermocouple,-0.0005700428155250847,sensor_data,2026-01-30 15:34:09.450
T7,AIN50,Thermocouple,-2.7858532121172175e-05,sensor_data,2026-01-30 15:34:09.450
T7,AIN54,Pressure,0.5134795308113098,sensor_data,2026-01-30 15:34:09.475
T7,AIN48,LoadCell,0.0002971018257085234,sensor_data,2026-01-30 15:34:09.475
T7,AIN52,Pressure,0.5112715363502502,sensor_data,2026-01-30 15:34:09.475
T7,AIN49,Thermocouple,-0.0005662667099386454,sensor_data,2026-01-30 15:34:09.475
T7,AIN50,Thermocouple,-2.34530889429152e-05,sensor_data,2026-01-30 15:34:09.475
T7,AIN54,Pressure,0.5134795308113098,sensor_data,2026-01-30 15:34:09.475
T7,AIN48,LoadCell,0.0002911059418693185,sensor_data,2026-01-30 15:34:09.475
T7,AIN52,Pressure,0.511902391910553,sensor_data,2026-01-30 15:34:09.475
T7,AIN49,Thermocouple,-0.0005716161685995758,sensor_data,2026-01-30 15:34:09.475
T7,AIN50,Thermocouple,-2.3767763195792213e-05,sensor_data,2026-01-30 15:34:09.475
T7,AIN54,Pressure,0.5137949585914612,sensor_data,2026-01-30 15:34:09.522
T7,AIN48,LoadCell,0.0002926838060375303,sensor_data,2026-01-30 15:34:09.522
T7,AIN52,Pressure,0.5115869641304016,sensor_data,2026-01-30 15:34:09.522
T7,AIN49,Thermocouple,-0.0005788537091575563,sensor_data,2026-01-30 15:34:09.522
T7,AIN50,Thermocouple,-2.5026462026289664e-05,sensor_data,2026-01-30 15:34:09.522
T7,AIN54,Pressure,0.5144258141517639,sensor_data,2026-01-30 15:34:09.522
T7,AIN48,LoadCell,0.0002873190678656101,sensor_data,2026-01-30 15:34:09.522
T7,AIN52,Pressure,0.5122178196907043,sensor_data,2026-01-30 15:34:09.522
T7,AIN49,Thermocouple,-0.0005731895798817277,sensor_data,2026-01-30 15:34:09.522
T7,AIN50,Thermocouple,-2.313841469003819e-05,sensor_data,2026-01-30 15:34:09.522
T7,AIN54,Pressure,0.5141103863716125,sensor_data,2026-01-30 15:34:09.542
T7,AIN48,LoadCell,0.00029489281587302685,sensor_data,2026-01-30 15:34:09.542
T7,AIN52,Pressure,0.5122178196907043,sensor_data,2026-01-30 15:34:09.542
T7,AIN49,Thermocouple,-0.0005662667099386454,sensor_data,2026-01-30 15:34:09.542
T7,AIN50,Thermocouple,-2.1565041606663726e-05,sensor_data,2026-01-30 15:34:09.542
T7,AIN54,Pressure,0.5134795308113098,sensor_data,2026-01-30 15:34:09.569
T7,AIN48,LoadCell,0.00028258547536097467,sensor_data,2026-01-30 15:34:09.569
T7,AIN52,Pressure,0.5103252530097961,sensor_data,2026-01-30 15:34:09.569
T7,AIN49,Thermocouple,-0.0005713014979846776,sensor_data,2026-01-30 15:34:09.569
T7,AIN50,Thermocouple,-2.4711787773412652e-05,sensor_data,2026-01-30 15:34:09.569
T7,AIN54,Pressure,0.5141103863716125,sensor_data,2026-01-30 15:34:09.602
T7,AIN48,LoadCell,0.00028290104819461703,sensor_data,2026-01-30 15:34:09.602
T7,AIN52,Pressure,0.5125332474708557,sensor_data,2026-01-30 15:34:09.602
T7,AIN49,Thermocouple,-0.0005797977210022509,sensor_data,2026-01-30 15:34:09.602
T7,AIN50,Thermocouple,-2.3767763195792213e-05,sensor_data,2026-01-30 15:34:09.602
T7,AIN54,Pressure,0.5128486752510071,sensor_data,2026-01-30 15:34:09.602
T7,AIN48,LoadCell,0.0002901592233683914,sensor_data,2026-01-30 15:34:09.602
T7,AIN52,Pressure,0.5106406807899475,sensor_data,2026-01-30 15:34:09.602
T7,AIN49,Thermocouple,-0.0005801123916171491,sensor_data,2026-01-30 15:34:09.602
T7,AIN50,Thermocouple,-3.131995254079811e-05,sensor_data,2026-01-30 15:34:09.602
T7,AIN54,Pressure,0.5125332474708557,sensor_data,2026-01-30 15:34:09.635
T7,AIN48,LoadCell,0.0002942616702057421,sensor_data,2026-01-30 15:34:09.635
T7,AIN52,Pressure,0.5096943974494934,sensor_data,2026-01-30 15:34:09.635
T7,AIN49,Thermocouple,-0.000571930839214474,sensor_data,2026-01-30 15:34:09.635
T7,AIN50,Thermocouple,-3.131995254079811e-05,sensor_data,2026-01-30 15:34:09.635
T7,AIN54,Pressure,0.5144258141517639,sensor_data,2026-01-30 15:34:09.635
T7,AIN48,LoadCell,0.0002942616702057421,sensor_data,2026-01-30 15:34:09.635
T7,AIN52,Pressure,0.511902391910553,sensor_data,2026-01-30 15:34:09.635
T7,AIN49,Thermocouple,-0.0005668960511684418,sensor_data,2026-01-30 15:34:09.635
T7,AIN50,Thermocouple,-2.3767763195792213e-05,sensor_data,2026-01-30 15:34:09.635
T7,AIN54,Pressure,0.5131641030311584,sensor_data,2026-01-30 15:34:09.689
T7,AIN48,LoadCell,0.0002980485442094505,sensor_data,2026-01-30 15:34:09.689
T7,AIN52,Pressure,0.5122178196907043,sensor_data,2026-01-30 15:34:09.689
T7,AIN49,Thermocouple,-0.0005779096973128617,sensor_data,2026-01-30 15:34:09.689
T7,AIN50,Thermocouple,-2.6285159037797712e-05,sensor_data,2026-01-30 15:34:09.689
T7,AIN54,Pressure,0.5122178196907043,sensor_data,2026-01-30 15:34:09.689
T7,AIN48,LoadCell,0.0003015198453795165,sensor_data,2026-01-30 15:34:09.689
T7,AIN52,Pressure,0.5109561085700989,sensor_data,2026-01-30 15:34:09.689
T7,AIN49,Thermocouple,-0.0005769656272605062,sensor_data,2026-01-30 15:34:09.689
T7,AIN50,Thermocouple,-1.810362118703779e-05,sensor_data,2026-01-30 15:34:09.689
T7,AIN54,Pressure,0.5128486752510071,sensor_data,2026-01-30 15:34:09.719
T7,AIN48,LoadCell,0.00031035588472150266,sensor_data,2026-01-30 15:34:09.719
T7,AIN52,Pressure,0.5103252530097961,sensor_data,2026-01-30 15:34:09.719
T7,AIN49,Thermocouple,-0.0005628052749671042,sensor_data,2026-01-30 15:34:09.719
T7,AIN50,Thermocouple,-2.9431905204546638e-05,sensor_data,2026-01-30 15:34:09.719
T7,AIN54,Pressure,0.5134795308113098,sensor_data,2026-01-30 15:34:09.719
T7,AIN48,LoadCell,0.00030877802055329084,sensor_data,2026-01-30 15:34:09.719
T7,AIN52,Pressure,0.5109561085700989,sensor_data,2026-01-30 15:34:09.719
T7,AIN49,Thermocouple,-0.0005558824632316828,sensor_data,2026-01-30 15:34:09.719
T7,AIN50,Thermocouple,-2.5341136279166676e-05,sensor_data,2026-01-30 15:34:09.719
T7,AIN54,Pressure,0.5125332474708557,sensor_data,2026-01-30 15:34:09.773
T7,AIN48,LoadCell,0.00030530671938322484,sensor_data,2026-01-30 15:34:09.773
T7,AIN52,Pressure,0.5122178196907043,sensor_data,2026-01-30 15:34:09.773
T7,AIN49,Thermocouple,-0.0005772802978754044,sensor_data,2026-01-30 15:34:09.773
T7,AIN50,Thermocouple,-2.9117230951669626e-05,sensor_data,2026-01-30 15:34:09.773
T7,AIN54,Pressure,0.5137949585914612,sensor_data,2026-01-30 15:34:09.773
T7,AIN48,LoadCell,0.0003075157292187214,sensor_data,2026-01-30 15:34:09.773
T7,AIN52,Pressure,0.5109561085700989,sensor_data,2026-01-30 15:34:09.773
T7,AIN49,Thermocouple,-0.0005706721567548811,sensor_data,2026-01-30 15:34:09.773
T7,AIN50,Thermocouple,-2.7543857868295163e-05,sensor_data,2026-01-30 15:34:09.773
T7,AIN54,Pressure,0.5144258141517639,sensor_data,2026-01-30 15:34:09.795
T7,AIN48,LoadCell,0.0003150894772261381,sensor_data,2026-01-30 15:34:09.795
T7,AIN52,Pressure,0.5115869641304016,sensor_data,2026-01-30 15:34:09.795
T7,AIN49,Thermocouple,-0.0005716161685995758,sensor_data,2026-01-30 15:34:09.795
T7,AIN50,Thermocouple,-3.131995254079811e-05,sensor_data,2026-01-30 15:34:09.795
T7,AIN54,Pressure,0.5128486752510071,sensor_data,2026-01-30 15:34:09.815
T7,AIN48,LoadCell,0.00032960582757368684,sensor_data,2026-01-30 15:34:09.815
T7,AIN52,Pressure,0.5100098252296448,sensor_data,2026-01-30 15:34:09.815
T7,AIN49,Thermocouple,-0.0005750776035711169,sensor_data,2026-01-30 15:34:09.815
T7,AIN50,Thermocouple,-3.320800169603899e-05,sensor_data,2026-01-30 15:34:09.815
T7,AIN54,Pressure,0.5141103863716125,sensor_data,2026-01-30 15:34:09.849
T7,AIN48,LoadCell,0.0003169829142279923,sensor_data,2026-01-30 15:34:09.849
T7,AIN52,Pressure,0.5106406807899475,sensor_data,2026-01-30 15:34:09.849
T7,AIN49,Thermocouple,-0.0005618612631224096,sensor_data,2026-01-30 15:34:09.849
T7,AIN50,Thermocouple,-3.0375929782167077e-05,sensor_data,2026-01-30 15:34:09.849
T7,AIN54,Pressure,0.5141103863716125,sensor_data,2026-01-30 15:34:09.849
T7,AIN48,LoadCell,0.0003195074968971312,sensor_data,2026-01-30 15:34:09.849
T7,AIN52,Pressure,0.5103252530097961,sensor_data,2026-01-30 15:34:09.849
T7,AIN49,Thermocouple,-0.0005709868273697793,sensor_data,2026-01-30 15:34:09.849
T7,AIN50,Thermocouple,-4.201888805255294e-05,sensor_data,2026-01-30 15:34:09.849
T7,AIN54,Pressure,0.5144258141517639,sensor_data,2026-01-30 15:34:09.872
T7,AIN48,LoadCell,0.00032865910907275975,sensor_data,2026-01-30 15:34:09.872
T7,AIN52,Pressure,0.5106406807899475,sensor_data,2026-01-30 15:34:09.872
T7,AIN49,Thermocouple,-0.0005662667099386454,sensor_data,2026-01-30 15:34:09.872
T7,AIN50,Thermocouple,-3.635474422480911e-05,sensor_data,2026-01-30 15:34:09.872
T7,AIN54,Pressure,0.5128486752510071,sensor_data,2026-01-30 15:34:09.897
T7,AIN48,LoadCell,0.00031572062289342284,sensor_data,2026-01-30 15:34:09.897
T7,AIN52,Pressure,0.5106406807899475,sensor_data,2026-01-30 15:34:09.897
T7,AIN49,Thermocouple,-0.0005782243679277599,sensor_data,2026-01-30 15:34:09.897
T7,AIN50,Thermocouple,-3.981616464443505e-05,sensor_data,2026-01-30 15:34:09.897
T7,AIN54,Pressure,0.5125332474708557,sensor_data,2026-01-30 15:34:09.919
T7,AIN48,LoadCell,0.00033213041024282575,sensor_data,2026-01-30 15:34:09.919
T7,AIN52,Pressure,0.5100098252296448,sensor_data,2026-01-30 15:34:09.919
T7,AIN49,Thermocouple,-0.0005753922741860151,sensor_data,2026-01-30 15:34:09.919
T7,AIN50,Thermocouple,-3.10052782879211e-05,sensor_data,2026-01-30 15:34:09.919
T7,AIN54,Pressure,0.5141103863716125,sensor_data,2026-01-30 15:34:09.919
T7,AIN48,LoadCell,0.0003371795464772731,sensor_data,2026-01-30 15:34:09.919
T7,AIN52,Pressure,0.5096943974494934,sensor_data,2026-01-30 15:34:09.919
T7,AIN49,Thermocouple,-0.0005823151441290975,sensor_data,2026-01-30 15:34:09.919
T7,AIN50,Thermocouple,-3.5410721466178074e-05,sensor_data,2026-01-30 15:34:09.919
T7,AIN54,Pressure,0.5128486752510071,sensor_data,2026-01-30 15:34:09.941
T7,AIN48,LoadCell,0.0003406508476473391,sensor_data,2026-01-30 15:34:09.941
T7,AIN52,Pressure,0.5103252530097961,sensor_data,2026-01-30 15:34:09.941
T7,AIN49,Thermocouple,-0.0005690988036803901,sensor_data,2026-01-30 15:34:09.941
T7,AIN50,Thermocouple,-3.9501490391558036e-05,sensor_data,2026-01-30 15:34:09.941
T7,AIN54,Pressure,0.5131641030311584,sensor_data,2026-01-30 15:34:09.969
T7,AIN48,LoadCell,0.0003381262649782002,sensor_data,2026-01-30 15:34:09.969
T7,AIN52,Pressure,0.5112715363502502,sensor_data,2026-01-30 15:34:09.969
T7,AIN49,Thermocouple,-0.000571930839214474,sensor_data,2026-01-30 15:34:09.969
T7,AIN50,Thermocouple,-3.887214188580401e-05,sensor_data,2026-01-30 15:34:09.969
T7,AIN54,Pressure,0.5128486752510071,sensor_data,2026-01-30 15:34:09.997
T7,AIN48,LoadCell,0.00035232704249210656,sensor_data,2026-01-30 15:34:09.997
T7,AIN52,Pressure,0.5109561085700989,sensor_data,2026-01-30 15:34:09.997
T7,AIN49,Thermocouple,-0.0005678400630131364,sensor_data,2026-01-30 15:34:09.997
T7,AIN50,Thermocouple,-3.981616464443505e-05,sensor_data,2026-01-30 15:34:09.997
T7,AIN54,Pressure,0.5122178196907043,sensor_data,2026-01-30 15:34:10.029
T7,AIN48,LoadCell,0.0003485401684883982,sensor_data,2026-01-30 15:34:10.029
T7,AIN52,Pressure,0.5103252530097961,sensor_data,2026-01-30 15:34:10.029
T7,AIN49,Thermocouple,-0.0005681547336280346,sensor_data,2026-01-30 15:34:10.029
T7,AIN50,Thermocouple,-3.3837350201793015e-05,sensor_data,2026-01-30 15:34:10.029
T7,AIN54,Pressure,0.5141103863716125,sensor_data,2026-01-30 15:34:10.029
T7,AIN48,LoadCell,0.00034475329448468983,sensor_data,2026-01-30 15:34:10.029
T7,AIN52,Pressure,0.5106406807899475,sensor_data,2026-01-30 15:34:10.029
T7,AIN49,Thermocouple,-0.0005750776035711169,sensor_data,2026-01-30 15:34:10.029
T7,AIN50,Thermocouple,-3.3522675948916e-05,sensor_data,2026-01-30 15:34:10.029
T7,AIN54,Pressure,0.5141103863716125,sensor_data,2026-01-30 15:34:10.062
T7,AIN48,LoadCell,0.0003390729834791273,sensor_data,2026-01-30 15:34:10.062
T7,AIN52,Pressure,0.5112715363502502,sensor_data,2026-01-30 15:34:10.062
T7,AIN49,Thermocouple,-0.0005775950266979635,sensor_data,2026-01-30 15:34:10.062
T7,AIN50,Thermocouple,-4.7053679736563936e-05,sensor_data,2026-01-30 15:34:10.062
T7,AIN54,Pressure,0.5137949585914612,sensor_data,2026-01-30 15:34:10.062
T7,AIN48,LoadCell,0.00034128199331462383,sensor_data,2026-01-30 15:34:10.062
T7,AIN52,Pressure,0.5115869641304016,sensor_data,2026-01-30 15:34:10.062
T7,AIN49,Thermocouple,-0.0005810564034618437,sensor_data,2026-01-30 15:34:10.062
T7,AIN50,Thermocouple,-3.792811912717298e-05,sensor_data,2026-01-30 15:34:10.062
T7,AIN54,Pressure,0.5141103863716125,sensor_data,2026-01-30 15:34:10.094
T7,AIN48,LoadCell,0.00035232704249210656,sensor_data,2026-01-30 15:34:10.094
T7,AIN52,Pressure,0.5109561085700989,sensor_data,2026-01-30 15:34:10.094
T7,AIN49,Thermocouple,-0.000565637368708849,sensor_data,2026-01-30 15:34:10.094
T7,AIN50,Thermocouple,-3.666942211566493e-05,sensor_data,2026-01-30 15:34:10.094
T7,AIN54,Pressure,0.5141103863716125,sensor_data,2026-01-30 15:34:10.094
T7,AIN48,LoadCell,0.00035485162516124547,sensor_data,2026-01-30 15:34:10.094
T7,AIN52,Pressure,0.5112715363502502,sensor_data,2026-01-30 15:34:10.094
T7,AIN49,Thermocouple,-0.0005738189211115241,sensor_data,2026-01-30 15:34:10.094
T7,AIN50,Thermocouple,-3.7613444874295965e-05,sensor_data,2026-01-30 15:34:10.094
T7,AIN54,Pressure,0.5137949585914612,sensor_data,2026-01-30 15:34:10.155
T7,AIN48,LoadCell,0.00034885574132204056,sensor_data,2026-01-30 15:34:10.155
T7,AIN52,Pressure,0.5106406807899475,sensor_data,2026-01-30 15:34:10.155
T7,AIN49,Thermocouple,-0.0005744482623413205,sensor_data,2026-01-30 15:34:10.155
T7,AIN50,Thermocouple,-3.7613444874295965e-05,sensor_data,2026-01-30 15:34:10.155
T7,AIN54,Pressure,0.5144258141517639,sensor_data,2026-01-30 15:34:10.155
T7,AIN48,LoadCell,0.000357060634996742,sensor_data,2026-01-30 15:34:10.155
T7,AIN52,Pressure,0.511902391910553,sensor_data,2026-01-30 15:34:10.155
T7,AIN49,Thermocouple,-0.0005735042504966259,sensor_data,2026-01-30 15:34:10.155
T7,AIN50,Thermocouple,-4.076019104104489e-05,sensor_data,2026-01-30 15:34:10.155
T7,AIN54,Pressure,0.5137949585914612,sensor_data,2026-01-30 15:34:10.155
T7,AIN48,LoadCell,0.00035485162516124547,sensor_data,2026-01-30 15:34:10.155
T7,AIN52,Pressure,0.5103252530097961,sensor_data,2026-01-30 15:34:10.155
T7,AIN49,Thermocouple,-0.0005668960511684418,sensor_data,2026-01-30 15:34:10.155
T7,AIN50,Thermocouple,-3.131995254079811e-05,sensor_data,2026-01-30 15:34:10.155
T7,AIN54,Pressure,0.5141103863716125,sensor_data,2026-01-30 15:34:10.177
T7,AIN48,LoadCell,0.0003529581881593913,sensor_data,2026-01-30 15:34:10.177
T7,AIN52,Pressure,0.5109561085700989,sensor_data,2026-01-30 15:34:10.177
T7,AIN49,Thermocouple,-0.0005678400630131364,sensor_data,2026-01-30 15:34:10.177
T7,AIN50,Thermocouple,-3.446669870754704e-05,sensor_data,2026-01-30 15:34:10.177
T7,AIN54,Pressure,0.5128486752510071,sensor_data,2026-01-30 15:34:10.223
T7,AIN48,LoadCell,0.00035516719799488783,sensor_data,2026-01-30 15:34:10.223
T7,AIN52,Pressure,0.5106406807899475,sensor_data,2026-01-30 15:34:10.223
T7,AIN49,Thermocouple,-0.0005700428155250847,sensor_data,2026-01-30 15:34:10.223
T7,AIN50,Thermocouple,-3.415202445467003e-05,sensor_data,2026-01-30 15:34:10.223
T7,AIN54,Pressure,0.5141103863716125,sensor_data,2026-01-30 15:34:10.223
T7,AIN48,LoadCell,0.0003564294893294573,sensor_data,2026-01-30 15:34:10.223
T7,AIN52,Pressure,0.5103252530097961,sensor_data,2026-01-30 15:34:10.223
T7,AIN49,Thermocouple,-0.0005744482623413205,sensor_data,2026-01-30 15:34:10.223
T7,AIN50,Thermocouple,-2.9117230951669626e-05,sensor_data,2026-01-30 15:34:10.223
T7,AIN54,Pressure,0.5125332474708557,sensor_data,2026-01-30 15:34:10.249
T7,AIN48,LoadCell,0.00036715896567329764,sensor_data,2026-01-30 15:34:10.249
T7,AIN52,Pressure,0.5103252530097961,sensor_data,2026-01-30 15:34:10.249
T7,AIN49,Thermocouple,-0.0005741335917264223,sensor_data,2026-01-30 15:34:10.249
T7,AIN50,Thermocouple,-3.824279338004999e-05,sensor_data,2026-01-30 15:34:10.249
T7,AIN54,Pressure,0.5131641030311584,sensor_data,2026-01-30 15:34:10.276
T7,AIN48,LoadCell,0.0003589540719985962,sensor_data,2026-01-30 15:34:10.276
T7,AIN52,Pressure,0.5122178196907043,sensor_data,2026-01-30 15:34:10.276
T7,AIN49,Thermocouple,-0.0005791683797724545,sensor_data,2026-01-30 15:34:10.276
T7,AIN50,Thermocouple,-5.0829774409066886e-05,sensor_data,2026-01-30 15:34:10.276
T7,AIN54,Pressure,0.5125332474708557,sensor_data,2026-01-30 15:34:10.276
T7,AIN48,LoadCell,0.00036179422750137746,sensor_data,2026-01-30 15:34:10.276
T7,AIN52,Pressure,0.5122178196907043,sensor_data,2026-01-30 15:34:10.276
T7,AIN49,Thermocouple,-0.0005687841330654919,sensor_data,2026-01-30 15:34:10.276
T7,AIN50,Thermocouple,-2.7543857868295163e-05,sensor_data,2026-01-30 15:34:10.276
T7,AIN54,Pressure,0.5128486752510071,sensor_data,2026-01-30 15:34:10.329
T7,AIN48,LoadCell,0.0003504336054902524,sensor_data,2026-01-30 15:34:10.329
T7,AIN52,Pressure,0.5115869641304016,sensor_data,2026-01-30 15:34:10.329
T7,AIN49,Thermocouple,-0.0005788537091575563,sensor_data,2026-01-30 15:34:10.329
T7,AIN50,Thermocouple,-2.7858532121172175e-05,sensor_data,2026-01-30 15:34:10.329
T7,AIN54,Pressure,0.5137949585914612,sensor_data,2026-01-30 15:34:10.329
T7,AIN48,LoadCell,0.00035579834366217256,sensor_data,2026-01-30 15:34:10.329
T7,AIN52,Pressure,0.5109561085700989,sensor_data,2026-01-30 15:34:10.329
T7,AIN49,Thermocouple,-0.0005690988036803901,sensor_data,2026-01-30 15:34:10.329
T7,AIN50,Thermocouple,-3.069060403504409e-05,sensor_data,2026-01-30 15:34:10.329
T7,AIN54,Pressure,0.5134795308113098,sensor_data,2026-01-30 15:34:10.354
T7,AIN48,LoadCell,0.0003545360523276031,sensor_data,2026-01-30 15:34:10.354
T7,AIN52,Pressure,0.5125332474708557,sensor_data,2026-01-30 15:34:10.354
T7,AIN49,Thermocouple,-0.0005643786862492561,sensor_data,2026-01-30 15:34:10.354
T7,AIN50,Thermocouple,-3.5410721466178074e-05,sensor_data,2026-01-30 15:34:10.354
T7,AIN54,Pressure,0.5122178196907043,sensor_data,2026-01-30 15:34:10.354
T7,AIN48,LoadCell,0.000360531936166808,sensor_data,2026-01-30 15:34:10.354
T7,AIN52,Pressure,0.5109561085700989,sensor_data,2026-01-30 15:34:10.354
T7,AIN49,Thermocouple,-0.0005728748510591686,sensor_data,2026-01-30 15:34:10.354
T7,AIN50,Thermocouple,-3.006125371030066e-05,sensor_data,2026-01-30 15:34:10.354
T7,AIN54,Pressure,0.5137949585914612,sensor_data,2026-01-30 15:34:10.410
T7,AIN48,LoadCell,0.0003561139164958149,sensor_data,2026-01-30 15:34:10.410
T7,AIN52,Pressure,0.5115869641304016,sensor_data,2026-01-30 15:34:10.410
T7,AIN49,Thermocouple,-0.0005779096973128617,sensor_data,2026-01-30 15:34:10.410
T7,AIN50,Thermocouple,-2.8802556698792614e-05,sensor_data,2026-01-30 15:34:10.410
T7,AIN54,Pressure,0.5137949585914612,sensor_data,2026-01-30 15:34:10.410
T7,AIN48,LoadCell,0.00035863849916495383,sensor_data,2026-01-30 15:34:10.410
T7,AIN52,Pressure,0.5106406807899475,sensor_data,2026-01-30 15:34:10.410
T7,AIN49,Thermocouple,-0.0005697281449101865,sensor_data,2026-01-30 15:34:10.410
T7,AIN50,Thermocouple,-2.8802556698792614e-05,sensor_data,2026-01-30 15:34:10.410
T7,AIN54,Pressure,0.5131641030311584,sensor_data,2026-01-30 15:34:10.455
T7,AIN48,LoadCell,0.0003564294893294573,sensor_data,2026-01-30 15:34:10.455
T7,AIN52,Pressure,0.5103252530097961,sensor_data,2026-01-30 15:34:10.455
T7,AIN49,Thermocouple,-0.0005694134742952883,sensor_data,2026-01-30 15:34:10.455
T7,AIN50,Thermocouple,-3.415202445467003e-05,sensor_data,2026-01-30 15:34:10.455
T7,AIN54,Pressure,0.5144258141517639,sensor_data,2026-01-30 15:34:10.456
T7,AIN48,LoadCell,0.00034790902282111347,sensor_data,2026-01-30 15:34:10.456
T7,AIN52,Pressure,0.5109561085700989,sensor_data,2026-01-30 15:34:10.456
T7,AIN49,Thermocouple,-0.0005735042504966259,sensor_data,2026-01-30 15:34:10.456
T7,AIN50,Thermocouple,-3.509604721330106e-05,sensor_data,2026-01-30 15:34:10.456
T7,AIN54,Pressure,0.5125332474708557,sensor_data,2026-01-30 15:34:10.456
T7,AIN48,LoadCell,0.0003529581881593913,sensor_data,2026-01-30 15:34:10.456
T7,AIN52,Pressure,0.5122178196907043,sensor_data,2026-01-30 15:34:10.456
T7,AIN49,Thermocouple,-0.0005722455098293722,sensor_data,2026-01-30 15:34:10.456
T7,AIN50,Thermocouple,-3.3837350201793015e-05,sensor_data,2026-01-30 15:34:10.456
T7,AIN54,Pressure,0.5141103863716125,sensor_data,2026-01-30 15:34:10.504
T7,AIN48,LoadCell,0.00034727787715382874,sensor_data,2026-01-30 15:34:10.504
T7,AIN52,Pressure,0.511902391910553,sensor_data,2026-01-30 15:34:10.504
T7,AIN49,Thermocouple,-0.0005681547336280346,sensor_data,2026-01-30 15:34:10.504
T7,AIN50,Thermocouple,-2.9431905204546638e-05,sensor_data,2026-01-30 15:34:10.504
T7,AIN54,Pressure,0.5131641030311584,sensor_data,2026-01-30 15:34:10.504
T7,AIN48,LoadCell,0.0003469623043201864,sensor_data,2026-01-30 15:34:10.504
T7,AIN52,Pressure,0.5115869641304016,sensor_data,2026-01-30 15:34:10.504
T7,AIN49,Thermocouple,-0.0005782243679277599,sensor_data,2026-01-30 15:34:10.504
T7,AIN50,Thermocouple,-3.1949301046552137e-05,sensor_data,2026-01-30 15:34:10.504
T7,AIN54,Pressure,0.5125332474708557,sensor_data,2026-01-30 15:34:10.535
T7,AIN48,LoadCell,0.00034538444015197456,sensor_data,2026-01-30 15:34:10.535
T7,AIN52,Pressure,0.5109561085700989,sensor_data,2026-01-30 15:34:10.535
T7,AIN49,Thermocouple,-0.0005731895798817277,sensor_data,2026-01-30 15:34:10.535
T7,AIN50,Thermocouple,-3.792811912717298e-05,sensor_data,2026-01-30 15:34:10.535
T7,AIN54,Pressure,0.5122178196907043,sensor_data,2026-01-30 15:34:10.535
T7,AIN48,LoadCell,0.00034285985748283565,sensor_data,2026-01-30 15:34:10.535
T7,AIN52,Pressure,0.5122178196907043,sensor_data,2026-01-30 15:34:10.535
T7,AIN49,Thermocouple,-0.0005807417328469455,sensor_data,2026-01-30 15:34:10.535
T7,AIN50,Thermocouple,-3.8557467632927e-05,sensor_data,2026-01-30 15:34:10.535
T7,AIN54,Pressure,0.5134795308113098,sensor_data,2026-01-30 15:34:10.563
T7,AIN48,LoadCell,0.0003273968177381903,sensor_data,2026-01-30 15:34:10.563
T7,AIN52,Pressure,0.511902391910553,sensor_data,2026-01-30 15:34:10.563
T7,AIN49,Thermocouple,-0.0005807417328469455,sensor_data,2026-01-30 15:34:10.563
T7,AIN50,Thermocouple,-3.446669870754704e-05,sensor_data,2026-01-30 15:34:10.563
T7,AIN54,Pressure,0.5134795308113098,sensor_data,2026-01-30 15:34:10.590
T7,AIN48,LoadCell,0.00034096642048098147,sensor_data,2026-01-30 15:34:10.590
T7,AIN52,Pressure,0.5096943974494934,sensor_data,2026-01-30 15:34:10.590
T7,AIN49,Thermocouple,-0.0005697281449101865,sensor_data,2026-01-30 15:34:10.590
T7,AIN50,Thermocouple,-3.446669870754704e-05,sensor_data,2026-01-30 15:34:10.590
T7,AIN54,Pressure,0.5144258141517639,sensor_data,2026-01-30 15:34:10.619
T7,AIN48,LoadCell,0.0003352861094754189,sensor_data,2026-01-30 15:34:10.619
T7,AIN52,Pressure,0.5115869641304016,sensor_data,2026-01-30 15:34:10.619
T7,AIN49,Thermocouple,-0.0005713014979846776,sensor_data,2026-01-30 15:34:10.619
T7,AIN50,Thermocouple,-4.390693720779382e-05,sensor_data,2026-01-30 15:34:10.619
T7,AIN54,Pressure,0.5144258141517639,sensor_data,2026-01-30 15:34:10.619
T7,AIN48,LoadCell,0.0003327615559101105,sensor_data,2026-01-30 15:34:10.619
T7,AIN52,Pressure,0.5100098252296448,sensor_data,2026-01-30 15:34:10.619
T7,AIN49,Thermocouple,-0.0005631199455820024,sensor_data,2026-01-30 15:34:10.619
T7,AIN50,Thermocouple,-1.6215573850786313e-05,sensor_data,2026-01-30 15:34:10.619
T7,AIN54,Pressure,0.5131641030311584,sensor_data,2026-01-30 15:34:10.672
T7,AIN48,LoadCell,0.0003485401684883982,sensor_data,2026-01-30 15:34:10.672
T7,AIN52,Pressure,0.5103252530097961,sensor_data,2026-01-30 15:34:10.672
T7,AIN49,Thermocouple,-0.0005829444853588939,sensor_data,2026-01-30 15:34:10.672
T7,AIN50,Thermocouple,-3.131995254079811e-05,sensor_data,2026-01-30 15:34:10.672
T7,AIN54,Pressure,0.5141103863716125,sensor_data,2026-01-30 15:34:10.672
T7,AIN48,LoadCell,0.0003356016823090613,sensor_data,2026-01-30 15:34:10.672
T7,AIN52,Pressure,0.5115869641304016,sensor_data,2026-01-30 15:34:10.672
T7,AIN49,Thermocouple,-0.0005838884972035885,sensor_data,2026-01-30 15:34:10.672
T7,AIN50,Thermocouple,-3.792811912717298e-05,sensor_data,2026-01-30 15:34:10.672
T7,AIN54,Pressure,0.5131641030311584,sensor_data,2026-01-30 15:34:10.704
T7,AIN48,LoadCell,0.0003406508476473391,sensor_data,2026-01-30 15:34:10.704
T7,AIN52,Pressure,0.5122178196907043,sensor_data,2026-01-30 15:34:10.704
T7,AIN49,Thermocouple,-0.0005713014979846776,sensor_data,2026-01-30 15:34:10.704
T7,AIN50,Thermocouple,-3.257864955230616e-05,sensor_data,2026-01-30 15:34:10.704
T7,AIN54,Pressure,0.5144258141517639,sensor_data,2026-01-30 15:34:10.704
T7,AIN48,LoadCell,0.00033339267247356474,sensor_data,2026-01-30 15:34:10.704
T7,AIN52,Pressure,0.5103252530097961,sensor_data,2026-01-30 15:34:10.704
T7,AIN49,Thermocouple,-0.0005700428155250847,sensor_data,2026-01-30 15:34:10.704
T7,AIN50,Thermocouple,-3.320800169603899e-05,sensor_data,2026-01-30 15:34:10.704
T7,AIN54,Pressure,0.5134795308113098,sensor_data,2026-01-30 15:34:10.730
T7,AIN48,LoadCell,0.0003337082453072071,sensor_data,2026-01-30 15:34:10.730
T7,AIN52,Pressure,0.5109561085700989,sensor_data,2026-01-30 15:34:10.730
T7,AIN49,Thermocouple,-0.0005747629329562187,sensor_data,2026-01-30 15:34:10.730
T7,AIN50,Thermocouple,-4.579498272505589e-05,sensor_data,2026-01-30 15:34:10.730
T7,AIN54,Pressure,0.5137949585914612,sensor_data,2026-01-30 15:34:10.760
T7,AIN48,LoadCell,0.00033213041024282575,sensor_data,2026-01-30 15:34:10.760
T7,AIN52,Pressure,0.5112715363502502,sensor_data,2026-01-30 15:34:10.760
T7,AIN49,Thermocouple,-0.0005388900171965361,sensor_data,2026-01-30 15:34:10.760
T7,AIN50,Thermocouple,-3.698409636854194e-05,sensor_data,2026-01-30 15:34:10.760
T7,AIN54,Pressure,0.5125332474708557,sensor_data,2026-01-30 15:34:10.760
T7,AIN48,LoadCell,0.0003457000129856169,sensor_data,2026-01-30 15:34:10.760
T7,AIN52,Pressure,0.5109561085700989,sensor_data,2026-01-30 15:34:10.760
T7,AIN49,Thermocouple,-0.0005794830503873527,sensor_data,2026-01-30 15:34:10.760
T7,AIN50,Thermocouple,-3.3837350201793015e-05,sensor_data,2026-01-30 15:34:10.760
T7,AIN54,Pressure,0.5122178196907043,sensor_data,2026-01-30 15:34:10.789
T7,AIN48,LoadCell,0.0003529581881593913,sensor_data,2026-01-30 15:34:10.789
T7,AIN52,Pressure,0.5103252530097961,sensor_data,2026-01-30 15:34:10.789
T7,AIN49,Thermocouple,-0.0005791683797724545,sensor_data,2026-01-30 15:34:10.789
T7,AIN50,Thermocouple,-3.5410721466178074e-05,sensor_data,2026-01-30 15:34:10.789
T7,AIN54,Pressure,0.5137949585914612,sensor_data,2026-01-30 15:34:10.809
T7,AIN48,LoadCell,0.0003346549638081342,sensor_data,2026-01-30 15:34:10.809
T7,AIN52,Pressure,0.5106406807899475,sensor_data,2026-01-30 15:34:10.809
T7,AIN49,Thermocouple,-0.0005681547336280346,sensor_data,2026-01-30 15:34:10.809
T7,AIN50,Thermocouple,-2.9431905204546638e-05,sensor_data,2026-01-30 15:34:10.809
T7,AIN54,Pressure,0.5137949585914612,sensor_data,2026-01-30 15:34:10.830
T7,AIN48,LoadCell,0.0003441221488174051,sensor_data,2026-01-30 15:34:10.830
T7,AIN52,Pressure,0.5109561085700989,sensor_data,2026-01-30 15:34:10.830
T7,AIN49,Thermocouple,-0.0005763362860307097,sensor_data,2026-01-30 15:34:10.830
T7,AIN50,Thermocouple,-2.691450936254114e-05,sensor_data,2026-01-30 15:34:10.830
T7,AIN54,Pressure,0.5134795308113098,sensor_data,2026-01-30 15:34:10.854
T7,AIN48,LoadCell,0.0003381262649782002,sensor_data,2026-01-30 15:34:10.854
T7,AIN52,Pressure,0.5103252530097961,sensor_data,2026-01-30 15:34:10.854
T7,AIN49,Thermocouple,-0.0005706721567548811,sensor_data,2026-01-30 15:34:10.854
T7,AIN50,Thermocouple,-4.1389539546798915e-05,sensor_data,2026-01-30 15:34:10.854
T7,AIN54,Pressure,0.5128486752510071,sensor_data,2026-01-30 15:34:10.877
T7,AIN48,LoadCell,0.00033339267247356474,sensor_data,2026-01-30 15:34:10.877
T7,AIN52,Pressure,0.5106406807899475,sensor_data,2026-01-30 15:34:10.877
T7,AIN49,Thermocouple,-0.0005747629329562187,sensor_data,2026-01-30 15:34:10.877
T7,AIN50,Thermocouple,-3.7613444874295965e-05,sensor_data,2026-01-30 15:34:10.877
T7,AIN54,Pressure,0.5128486752510071,sensor_data,2026-01-30 15:34:10.910
T7,AIN48,LoadCell,0.0003289746819064021,sensor_data,2026-01-30 15:34:10.910
T7,AIN52,Pressure,0.5106406807899475,sensor_data,2026-01-30 15:34:10.910
T7,AIN49,Thermocouple,-0.0005794830503873527,sensor_data,2026-01-30 15:34:10.910
T7,AIN50,Thermocouple,-2.6285159037797712e-05,sensor_data,2026-01-30 15:34:10.910
T7,AIN54,Pressure,0.5122178196907043,sensor_data,2026-01-30 15:34:10.910
T7,AIN48,LoadCell,0.000331499264575541,sensor_data,2026-01-30 15:34:10.910
T7,AIN52,Pressure,0.5100098252296448,sensor_data,2026-01-30 15:34:10.910
T7,AIN49,Thermocouple,-0.0005757069448009133,sensor_data,2026-01-30 15:34:10.910
T7,AIN50,Thermocouple,-3.257864955230616e-05,sensor_data,2026-01-30 15:34:10.910
T7,AIN54,Pressure,0.5147411823272705,sensor_data,2026-01-30 15:34:10.968
T7,AIN48,LoadCell,0.00034380657598376274,sensor_data,2026-01-30 15:34:10.968
T7,AIN52,Pressure,0.5122178196907043,sensor_data,2026-01-30 15:34:10.968
T7,AIN49,Thermocouple,-0.0005659520393237472,sensor_data,2026-01-30 15:34:10.968
T7,AIN50,Thermocouple,-3.006125371030066e-05,sensor_data,2026-01-30 15:34:10.968
T7,AIN54,Pressure,0.511902391910553,sensor_data,2026-01-30 15:34:10.968
T7,AIN48,LoadCell,0.0003308681189082563,sensor_data,2026-01-30 15:34:10.968
T7,AIN52,Pressure,0.5122178196907043,sensor_data,2026-01-30 15:34:10.968
T7,AIN49,Thermocouple,-0.0005700428155250847,sensor_data,2026-01-30 15:34:10.968
T7,AIN50,Thermocouple,-4.5165634219301865e-05,sensor_data,2026-01-30 15:34:10.968
T7,AIN54,Pressure,0.5128486752510071,sensor_data,2026-01-30 15:34:10.968
T7,AIN48,LoadCell,0.0003292902547400445,sensor_data,2026-01-30 15:34:10.968
T7,AIN52,Pressure,0.5122178196907043,sensor_data,2026-01-30 15:34:10.968
T7,AIN49,Thermocouple,-0.0005744482623413205,sensor_data,2026-01-30 15:34:10.968
T7,AIN50,Thermocouple,-2.2823740437161177e-05,sensor_data,2026-01-30 15:34:10.968
T7,AIN54,Pressure,0.5122178196907043,sensor_data,2026-01-30 15:34:10.993
T7,AIN48,LoadCell,0.00034443772165104747,sensor_data,2026-01-30 15:34:10.993
T7,AIN52,Pressure,0.5115869641304016,sensor_data,2026-01-30 15:34:10.993
T7,AIN49,Thermocouple,-0.0005713014979846776,sensor_data,2026-01-30 15:34:10.993
T7,AIN50,Thermocouple,-3.131995254079811e-05,sensor_data,2026-01-30 15:34:10.993
T7,AIN54,Pressure,0.5122178196907043,sensor_data,2026-01-30 15:34:11.019
T7,AIN48,LoadCell,0.00033591725514270365,sensor_data,2026-01-30 15:34:11.019
T7,AIN52,Pressure,0.5106406807899475,sensor_data,2026-01-30 15:34:11.019
T7,AIN49,Thermocouple,-0.0005782243679277599,sensor_data,2026-01-30 15:34:11.019
T7,AIN50,Thermocouple,-3.257864955230616e-05,sensor_data,2026-01-30 15:34:11.019
T7,AIN54,Pressure,0.5141103863716125,sensor_data,2026-01-30 15:34:11.019
T7,AIN48,LoadCell,0.0003308681189082563,sensor_data,2026-01-30 15:34:11.019
T7,AIN52,Pressure,0.511902391910553,sensor_data,2026-01-30 15:34:11.019
T7,AIN49,Thermocouple,-0.0005634346161969006,sensor_data,2026-01-30 15:34:11.019
T7,AIN50,Thermocouple,-4.1389539546798915e-05,sensor_data,2026-01-30 15:34:11.019
T7,AIN54,Pressure,0.5134795308113098,sensor_data,2026-01-30 15:34:11.074
T7,AIN48,LoadCell,0.0003352861094754189,sensor_data,2026-01-30 15:34:11.074
T7,AIN52,Pressure,0.5109561085700989,sensor_data,2026-01-30 15:34:11.074
T7,AIN49,Thermocouple,-0.0005713014979846776,sensor_data,2026-01-30 15:34:11.074
T7,AIN50,Thermocouple,-3.257864955230616e-05,sensor_data,2026-01-30 15:34:11.074
T7,AIN54,Pressure,0.5128486752510071,sensor_data,2026-01-30 15:34:11.074
T7,AIN48,LoadCell,0.0003425442846491933,sensor_data,2026-01-30 15:34:11.074
T7,AIN52,Pressure,0.511902391910553,sensor_data,2026-01-30 15:34:11.074
T7,AIN49,Thermocouple,-0.0005728748510591686,sensor_data,2026-01-30 15:34:11.074
T7,AIN50,Thermocouple,-2.691450936254114e-05,sensor_data,2026-01-30 15:34:11.074
T7,AIN54,Pressure,0.5128486752510071,sensor_data,2026-01-30 15:34:11.100
T7,AIN48,LoadCell,0.0003475934499874711,sensor_data,2026-01-30 15:34:11.100
T7,AIN52,Pressure,0.5103252530097961,sensor_data,2026-01-30 15:34:11.100
T7,AIN49,Thermocouple,-0.00055462378077209,sensor_data,2026-01-30 15:34:11.100
T7,AIN50,Thermocouple,-3.257864955230616e-05,sensor_data,2026-01-30 15:34:11.100
T7,AIN54,Pressure,0.5128486752510071,sensor_data,2026-01-30 15:34:11.125
T7,AIN48,LoadCell,0.0003308681189082563,sensor_data,2026-01-30 15:34:11.125
T7,AIN52,Pressure,0.5100098252296448,sensor_data,2026-01-30 15:34:11.125
T7,AIN49,Thermocouple,-0.0005731895798817277,sensor_data,2026-01-30 15:34:11.125
T7,AIN50,Thermocouple,-3.509604721330106e-05,sensor_data,2026-01-30 15:34:11.125
T7,AIN54,Pressure,0.5125332474708557,sensor_data,2026-01-30 15:34:11.125
T7,AIN48,LoadCell,0.00032013864256441593,sensor_data,2026-01-30 15:34:11.125
T7,AIN52,Pressure,0.5103252530097961,sensor_data,2026-01-30 15:34:11.125
T7,AIN49,Thermocouple,-0.0005769656272605062,sensor_data,2026-01-30 15:34:11.125
T7,AIN50,Thermocouple,-2.5341136279166676e-05,sensor_data,2026-01-30 15:34:11.125
T7,AIN54,Pressure,0.5125332474708557,sensor_data,2026-01-30 15:34:11.174
T7,AIN48,LoadCell,0.0003299214004073292,sensor_data,2026-01-30 15:34:11.174
T7,AIN52,Pressure,0.511902391910553,sensor_data,2026-01-30 15:34:11.174
T7,AIN49,Thermocouple,-0.0005731895798817277,sensor_data,2026-01-30 15:34:11.174
T7,AIN50,Thermocouple,-2.5655810532043688e-05,sensor_data,2026-01-30 15:34:11.174
T7,AIN54,Pressure,0.5125332474708557,sensor_data,2026-01-30 15:34:11.174
T7,AIN48,LoadCell,0.0003337082453072071,sensor_data,2026-01-30 15:34:11.174
T7,AIN52,Pressure,0.5103252530097961,sensor_data,2026-01-30 15:34:11.174
T7,AIN49,Thermocouple,-0.0005716161685995758,sensor_data,2026-01-30 15:34:11.174
T7,AIN50,Thermocouple,-2.9431905204546638e-05,sensor_data,2026-01-30 15:34:11.174
T7,AIN54,Pressure,0.5128486752510071,sensor_data,2026-01-30 15:34:11.201
T7,AIN48,LoadCell,0.0003441221488174051,sensor_data,2026-01-30 15:34:11.201
T7,AIN52,Pressure,0.5103252530097961,sensor_data,2026-01-30 15:34:11.201
T7,AIN49,Thermocouple,-0.0005848325090482831,sensor_data,2026-01-30 15:34:11.201
T7,AIN50,Thermocouple,-3.7613444874295965e-05,sensor_data,2026-01-30 15:34:11.201
T7,AIN54,Pressure,0.5122178196907043,sensor_data,2026-01-30 15:34:11.201
T7,AIN48,LoadCell,0.00033213041024282575,sensor_data,2026-01-30 15:34:11.201
T7,AIN52,Pressure,0.5103252530097961,sensor_data,2026-01-30 15:34:11.201
T7,AIN49,Thermocouple,-0.0005807417328469455,sensor_data,2026-01-30 15:34:11.201
T7,AIN50,Thermocouple,-2.4397111701546237e-05,sensor_data,2026-01-30 15:34:11.201
T7,AIN54,Pressure,0.5125332474708557,sensor_data,2026-01-30 15:34:11.231
T7,AIN48,LoadCell,0.0003220320795662701,sensor_data,2026-01-30 15:34:11.231
T7,AIN52,Pressure,0.5103252530097961,sensor_data,2026-01-30 15:34:11.231
T7,AIN49,Thermocouple,-0.000565637368708849,sensor_data,2026-01-30 15:34:11.231
T7,AIN50,Thermocouple,-3.3837350201793015e-05,sensor_data,2026-01-30 15:34:11.231
T7,AIN54,Pressure,0.5144258141517639,sensor_data,2026-01-30 15:34:11.255
T7,AIN48,LoadCell,0.00033781069214455783,sensor_data,2026-01-30 15:34:11.255
T7,AIN52,Pressure,0.5096943974494934,sensor_data,2026-01-30 15:34:11.255
T7,AIN49,Thermocouple,-0.000565637368708849,sensor_data,2026-01-30 15:34:11.255
T7,AIN50,Thermocouple,-4.579498272505589e-05,sensor_data,2026-01-30 15:34:11.255
T7,AIN54,Pressure,0.5137949585914612,sensor_data,2026-01-30 15:34:11.255
T7,AIN48,LoadCell,0.00032865910907275975,sensor_data,2026-01-30 15:34:11.255
T7,AIN52,Pressure,0.5109561085700989,sensor_data,2026-01-30 15:34:11.255
T7,AIN49,Thermocouple,-0.0005782243679277599,sensor_data,2026-01-30 15:34:11.255
T7,AIN50,Thermocouple,-2.5341136279166676e-05,sensor_data,2026-01-30 15:34:11.255
T7,AIN54,Pressure,0.5128486752510071,sensor_data,2026-01-30 15:34:11.316
T7,AIN48,LoadCell,0.0003239255165681243,sensor_data,2026-01-30 15:34:11.316
T7,AIN52,Pressure,0.5109561085700989,sensor_data,2026-01-30 15:34:11.316
T7,AIN49,Thermocouple,-0.0005757069448009133,sensor_data,2026-01-30 15:34:11.316
T7,AIN50,Thermocouple,-2.8173206374049187e-05,sensor_data,2026-01-30 15:34:11.316
T7,AIN54,Pressure,0.5137949585914612,sensor_data,2026-01-30 15:34:11.316
T7,AIN48,LoadCell,0.000324556662235409,sensor_data,2026-01-30 15:34:11.316
T7,AIN52,Pressure,0.5109561085700989,sensor_data,2026-01-30 15:34:11.316
T7,AIN49,Thermocouple,-0.0005772802978754044,sensor_data,2026-01-30 15:34:11.316
T7,AIN50,Thermocouple,-3.478137296042405e-05,sensor_data,2026-01-30 15:34:11.316
T7,AIN54,Pressure,0.5122178196907043,sensor_data,2026-01-30 15:34:11.316
T7,AIN48,LoadCell,0.00030783130205236375,sensor_data,2026-01-30 15:34:11.316
T7,AIN52,Pressure,0.5115869641304016,sensor_data,2026-01-30 15:34:11.316
T7,AIN49,Thermocouple,-0.0005643786862492561,sensor_data,2026-01-30 15:34:11.316
T7,AIN50,Thermocouple,-3.289332744316198e-05,sensor_data,2026-01-30 15:34:11.316
T7,AIN54,Pressure,0.5125332474708557,sensor_data,2026-01-30 15:34:11.344
T7,AIN48,LoadCell,0.0003030977095477283,sensor_data,2026-01-30 15:34:11.344
T7,AIN52,Pressure,0.5106406807899475,sensor_data,2026-01-30 15:34:11.344
T7,AIN49,Thermocouple,-0.0005738189211115241,sensor_data,2026-01-30 15:34:11.344
T7,AIN50,Thermocouple,-1.967699427041225e-05,sensor_data,2026-01-30 15:34:11.344
T7,AIN54,Pressure,0.5141103863716125,sensor_data,2026-01-30 15:34:11.377
T7,AIN48,LoadCell,0.000317614059895277,sensor_data,2026-01-30 15:34:11.377
T7,AIN52,Pressure,0.5122178196907043,sensor_data,2026-01-30 15:34:11.377
T7,AIN49,Thermocouple,-0.000576650956645608,sensor_data,2026-01-30 15:34:11.377
T7,AIN50,Thermocouple,-2.5026462026289664e-05,sensor_data,2026-01-30 15:34:11.377
T7,AIN54,Pressure,0.5141103863716125,sensor_data,2026-01-30 15:34:11.377
T7,AIN48,LoadCell,0.00032171650673262775,sensor_data,2026-01-30 15:34:11.377
T7,AIN52,Pressure,0.5115869641304016,sensor_data,2026-01-30 15:34:11.377
T7,AIN49,Thermocouple,-0.0005757069448009133,sensor_data,2026-01-30 15:34:11.377
T7,AIN50,Thermocouple,-2.691450936254114e-05,sensor_data,2026-01-30 15:34:11.377
T7,AIN54,Pressure,0.5125332474708557,sensor_data,2026-01-30 15:34:11.426
T7,AIN48,LoadCell,0.00030940916622057557,sensor_data,2026-01-30 15:34:11.426
T7,AIN52,Pressure,0.5112715363502502,sensor_data,2026-01-30 15:34:11.426
T7,AIN49,Thermocouple,-0.0005713014979846776,sensor_data,2026-01-30 15:34:11.426
T7,AIN50,Thermocouple,-2.6599835109664127e-05,sensor_data,2026-01-30 15:34:11.426
T7,AIN54,Pressure,0.5131641030311584,sensor_data,2026-01-30 15:34:11.426
T7,AIN48,LoadCell,0.0003220320795662701,sensor_data,2026-01-30 15:34:11.426
T7,AIN52,Pressure,0.511902391910553,sensor_data,2026-01-30 15:34:11.426
T7,AIN49,Thermocouple,-0.0005700428155250847,sensor_data,2026-01-30 15:34:11.426
T7,AIN50,Thermocouple,-1.936232001753524e-05,sensor_data,2026-01-30 15:34:11.426
T7,AIN54,Pressure,0.5128486752510071,sensor_data,2026-01-30 15:34:11.449
T7,AIN48,LoadCell,0.00030530671938322484,sensor_data,2026-01-30 15:34:11.449
T7,AIN52,Pressure,0.5106406807899475,sensor_data,2026-01-30 15:34:11.449
T7,AIN49,Thermocouple,-0.0005741335917264223,sensor_data,2026-01-30 15:34:11.449
T7,AIN50,Thermocouple,-2.6285159037797712e-05,sensor_data,2026-01-30 15:34:11.449
T7,AIN54,Pressure,0.5134795308113098,sensor_data,2026-01-30 15:34:11.473
T7,AIN48,LoadCell,0.000314142758725211,sensor_data,2026-01-30 15:34:11.473
T7,AIN52,Pressure,0.5112715363502502,sensor_data,2026-01-30 15:34:11.473
T7,AIN49,Thermocouple,-0.0005640640156343579,sensor_data,2026-01-30 15:34:11.473
T7,AIN50,Thermocouple,-3.824279338004999e-05,sensor_data,2026-01-30 15:34:11.473
T7,AIN54,Pressure,0.5122178196907043,sensor_data,2026-01-30 15:34:11.505
T7,AIN48,LoadCell,0.00031635176856070757,sensor_data,2026-01-30 15:34:11.505
T7,AIN52,Pressure,0.5115869641304016,sensor_data,2026-01-30 15:34:11.505
T7,AIN49,Thermocouple,-0.0005675253923982382,sensor_data,2026-01-30 15:34:11.505
T7,AIN50,Thermocouple,-2.9431905204546638e-05,sensor_data,2026-01-30 15:34:11.505
T7,AIN54,Pressure,0.5125332474708557,sensor_data,2026-01-30 15:34:11.505
T7,AIN48,LoadCell,0.00030436000088229775,sensor_data,2026-01-30 15:34:11.505
T7,AIN52,Pressure,0.5106406807899475,sensor_data,2026-01-30 15:34:11.505
T7,AIN49,Thermocouple,-0.0005637493450194597,sensor_data,2026-01-30 15:34:11.505
T7,AIN50,Thermocouple,-3.131995254079811e-05,sensor_data,2026-01-30 15:34:11.505
T7,AIN54,Pressure,0.5122178196907043,sensor_data,2026-01-30 15:34:11.535
T7,AIN48,LoadCell,0.0003015198453795165,sensor_data,2026-01-30 15:34:11.535
T7,AIN52,Pressure,0.5122178196907043,sensor_data,2026-01-30 15:34:11.535
T7,AIN49,Thermocouple,-0.0005687841330654919,sensor_data,2026-01-30 15:34:11.535
T7,AIN50,Thermocouple,-1.7788946934160776e-05,sensor_data,2026-01-30 15:34:11.535
T7,AIN54,Pressure,0.5128486752510071,sensor_data,2026-01-30 15:34:11.535
T7,AIN48,LoadCell,0.0003021509910468012,sensor_data,2026-01-30 15:34:11.535
T7,AIN52,Pressure,0.5115869641304016,sensor_data,2026-01-30 15:34:11.535
T7,AIN49,Thermocouple,-0.0005690988036803901,sensor_data,2026-01-30 15:34:11.535
T7,AIN50,Thermocouple,-3.131995254079811e-05,sensor_data,2026-01-30 15:34:11.535
T7,AIN54,Pressure,0.5141103863716125,sensor_data,2026-01-30 15:34:11.558
T7,AIN48,LoadCell,0.00030688458355143666,sensor_data,2026-01-30 15:34:11.558
T7,AIN52,Pressure,0.5103252530097961,sensor_data,2026-01-30 15:34:11.558
T7,AIN49,Thermocouple,-0.0005832591559737921,sensor_data,2026-01-30 15:34:11.558
T7,AIN50,Thermocouple,-3.320800169603899e-05,sensor_data,2026-01-30 15:34:11.558
T7,AIN54,Pressure,0.5122178196907043,sensor_data,2026-01-30 15:34:11.583
T7,AIN48,LoadCell,0.0003046755737159401,sensor_data,2026-01-30 15:34:11.583
T7,AIN52,Pressure,0.5109561085700989,sensor_data,2026-01-30 15:34:11.583
T7,AIN49,Thermocouple,-0.0005744482623413205,sensor_data,2026-01-30 15:34:11.583
T7,AIN50,Thermocouple,-3.698409636854194e-05,sensor_data,2026-01-30 15:34:11.583
T7,AIN54,Pressure,0.5134795308113098,sensor_data,2026-01-30 15:34:11.608
T7,AIN48,LoadCell,0.00030688458355143666,sensor_data,2026-01-30 15:34:11.608
T7,AIN52,Pressure,0.5115869641304016,sensor_data,2026-01-30 15:34:11.608
T7,AIN49,Thermocouple,-0.0005794830503873527,sensor_data,2026-01-30 15:34:11.608
T7,AIN50,Thermocouple,-2.5341136279166676e-05,sensor_data,2026-01-30 15:34:11.608
T7,AIN54,Pressure,0.5128486752510071,sensor_data,2026-01-30 15:34:11.632
T7,AIN48,LoadCell,0.0003040444280486554,sensor_data,2026-01-30 15:34:11.632
T7,AIN52,Pressure,0.511902391910553,sensor_data,2026-01-30 15:34:11.632
T7,AIN49,Thermocouple,-0.0005731895798817277,sensor_data,2026-01-30 15:34:11.632
T7,AIN50,Thermocouple,-1.967699427041225e-05,sensor_data,2026-01-30 15:34:11.632
T7,AIN54,Pressure,0.5128486752510071,sensor_data,2026-01-30 15:34:11.655
T7,AIN48,LoadCell,0.00029836411704309285,sensor_data,2026-01-30 15:34:11.655
T7,AIN52,Pressure,0.5122178196907043,sensor_data,2026-01-30 15:34:11.655
T7,AIN49,Thermocouple,-0.0005694134742952883,sensor_data,2026-01-30 15:34:11.655
T7,AIN50,Thermocouple,-2.313841469003819e-05,sensor_data,2026-01-30 15:34:11.655
T7,AIN54,Pressure,0.5131641030311584,sensor_data,2026-01-30 15:34:11.656
T7,AIN48,LoadCell,0.0003084624477196485,sensor_data,2026-01-30 15:34:11.656
T7,AIN52,Pressure,0.5122178196907043,sensor_data,2026-01-30 15:34:11.656
T7,AIN49,Thermocouple,-0.0005646933568641543,sensor_data,2026-01-30 15:34:11.656
T7,AIN50,Thermocouple,-1.967699427041225e-05,sensor_data,2026-01-30 15:34:11.656
T7,AIN54,Pressure,0.5131641030311584,sensor_data,2026-01-30 15:34:11.710
T7,AIN48,LoadCell,0.00029931083554401994,sensor_data,2026-01-30 15:34:11.710
T7,AIN52,Pressure,0.5106406807899475,sensor_data,2026-01-30 15:34:11.710
T7,AIN49,Thermocouple,-0.0005867205327376723,sensor_data,2026-01-30 15:34:11.710
T7,AIN50,Thermocouple,-2.1565041606663726e-05,sensor_data,2026-01-30 15:34:11.710
T7,AIN54,Pressure,0.5128486752510071,sensor_data,2026-01-30 15:34:11.710
T7,AIN48,LoadCell,0.0003012042725458741,sensor_data,2026-01-30 15:34:11.710
T7,AIN52,Pressure,0.511902391910553,sensor_data,2026-01-30 15:34:11.710
T7,AIN49,Thermocouple,-0.0005709868273697793,sensor_data,2026-01-30 15:34:11.710
T7,AIN50,Thermocouple,-2.9117230951669626e-05,sensor_data,2026-01-30 15:34:11.710
T7,AIN54,Pressure,0.5131641030311584,sensor_data,2026-01-30 15:34:11.740
T7,AIN48,LoadCell,0.00030436000088229775,sensor_data,2026-01-30 15:34:11.740
T7,AIN52,Pressure,0.5109561085700989,sensor_data,2026-01-30 15:34:11.740
T7,AIN49,Thermocouple,-0.0005860911915078759,sensor_data,2026-01-30 15:34:11.740
T7,AIN50,Thermocouple,-2.8173206374049187e-05,sensor_data,2026-01-30 15:34:11.740
T7,AIN54,Pressure,0.5128486752510071,sensor_data,2026-01-30 15:34:11.740
T7,AIN48,LoadCell,0.00031288046739064157,sensor_data,2026-01-30 15:34:11.740
T7,AIN52,Pressure,0.511902391910553,sensor_data,2026-01-30 15:34:11.740
T7,AIN49,Thermocouple,-0.0005731895798817277,sensor_data,2026-01-30 15:34:11.740
T7,AIN50,Thermocouple,-3.0375929782167077e-05,sensor_data,2026-01-30 15:34:11.740
T7,AIN54,Pressure,0.5125332474708557,sensor_data,2026-01-30 15:34:11.766
T7,AIN48,LoadCell,0.00031130260322242975,sensor_data,2026-01-30 15:34:11.766
T7,AIN52,Pressure,0.5109561085700989,sensor_data,2026-01-30 15:34:11.766
T7,AIN49,Thermocouple,-0.0005640640156343579,sensor_data,2026-01-30 15:34:11.766
T7,AIN50,Thermocouple,-3.069060403504409e-05,sensor_data,2026-01-30 15:34:11.766
T7,AIN54,Pressure,0.5144258141517639,sensor_data,2026-01-30 15:34:11.799
T7,AIN48,LoadCell,0.00029994198121130466,sensor_data,2026-01-30 15:34:11.799
T7,AIN52,Pressure,0.5106406807899475,sensor_data,2026-01-30 15:34:11.799
T7,AIN49,Thermocouple,-0.0005709868273697793,sensor_data,2026-01-30 15:34:11.799
T7,AIN50,Thermocouple,-2.7543857868295163e-05,sensor_data,2026-01-30 15:34:11.799
T7,AIN54,Pressure,0.5128486752510071,sensor_data,2026-01-30 15:34:11.799
T7,AIN48,LoadCell,0.00030436000088229775,sensor_data,2026-01-30 15:34:11.799
T7,AIN52,Pressure,0.511902391910553,sensor_data,2026-01-30 15:34:11.799
T7,AIN49,Thermocouple,-0.0005735042504966259,sensor_data,2026-01-30 15:34:11.799
T7,AIN50,Thermocouple,-3.131995254079811e-05,sensor_data,2026-01-30 15:34:11.799
T7,AIN54,Pressure,0.5125332474708557,sensor_data,2026-01-30 15:34:11.862
T7,AIN48,LoadCell,0.0002986796898767352,sensor_data,2026-01-30 15:34:11.862
T7,AIN52,Pressure,0.5115869641304016,sensor_data,2026-01-30 15:34:11.862
T7,AIN49,Thermocouple,-0.0005763362860307097,sensor_data,2026-01-30 15:34:11.862
T7,AIN50,Thermocouple,-3.5725395719055086e-05,sensor_data,2026-01-30 15:34:11.862
T7,AIN54,Pressure,0.511902391910553,sensor_data,2026-01-30 15:34:11.862
T7,AIN48,LoadCell,0.0003024665638804436,sensor_data,2026-01-30 15:34:11.862
T7,AIN52,Pressure,0.511902391910553,sensor_data,2026-01-30 15:34:11.862
T7,AIN49,Thermocouple,-0.0005618612631224096,sensor_data,2026-01-30 15:34:11.862
T7,AIN50,Thermocouple,-2.8173206374049187e-05,sensor_data,2026-01-30 15:34:11.862
T7,AIN54,Pressure,0.5125332474708557,sensor_data,2026-01-30 15:34:11.862
T7,AIN48,LoadCell,0.00031130260322242975,sensor_data,2026-01-30 15:34:11.862
T7,AIN52,Pressure,0.5106406807899475,sensor_data,2026-01-30 15:34:11.862
T7,AIN49,Thermocouple,-0.0005713014979846776,sensor_data,2026-01-30 15:34:11.862
T7,AIN50,Thermocouple,-2.5655810532043688e-05,sensor_data,2026-01-30 15:34:11.862
T7,AIN54,Pressure,0.5131641030311584,sensor_data,2026-01-30 15:34:11.896
T7,AIN48,LoadCell,0.0003005731268785894,sensor_data,2026-01-30 15:34:11.896
T7,AIN52,Pressure,0.5109561085700989,sensor_data,2026-01-30 15:34:11.896
T7,AIN49,Thermocouple,-0.0005700428155250847,sensor_data,2026-01-30 15:34:11.896
T7,AIN50,Thermocouple,-2.9117230951669626e-05,sensor_data,2026-01-30 15:34:11.896
T7,AIN54,Pressure,0.5128486752510071,sensor_data,2026-01-30 15:34:11.896
T7,AIN48,LoadCell,0.0002917370875366032,sensor_data,2026-01-30 15:34:11.896
T7,AIN52,Pressure,0.5109561085700989,sensor_data,2026-01-30 15:34:11.896
T7,AIN49,Thermocouple,-0.0005760216154158115,sensor_data,2026-01-30 15:34:11.896
T7,AIN50,Thermocouple,-1.9991668523289263e-05,sensor_data,2026-01-30 15:34:11.896
T7,AIN54,Pressure,0.5137949585914612,sensor_data,2026-01-30 15:34:11.920
T7,AIN48,LoadCell,0.0003049911465495825,sensor_data,2026-01-30 15:34:11.920
T7,AIN52,Pressure,0.5109561085700989,sensor_data,2026-01-30 15:34:11.920
T7,AIN49,Thermocouple,-0.0005731895798817277,sensor_data,2026-01-30 15:34:11.920
T7,AIN50,Thermocouple,-2.59704847849207e-05,sensor_data,2026-01-30 15:34:11.920
T7,AIN54,Pressure,0.5144258141517639,sensor_data,2026-01-30 15:34:11.947
T7,AIN48,LoadCell,0.0003125648945569992,sensor_data,2026-01-30 15:34:11.947
T7,AIN52,Pressure,0.5106406807899475,sensor_data,2026-01-30 15:34:11.947
T7,AIN49,Thermocouple,-0.0005753922741860151,sensor_data,2026-01-30 15:34:11.947
T7,AIN50,Thermocouple,-2.5026462026289664e-05,sensor_data,2026-01-30 15:34:11.947
T7,AIN54,Pressure,0.5134795308113098,sensor_data,2026-01-30 15:34:11.971
T7,AIN48,LoadCell,0.00030783130205236375,sensor_data,2026-01-30 15:34:11.971
T7,AIN52,Pressure,0.511902391910553,sensor_data,2026-01-30 15:34:11.971
T7,AIN49,Thermocouple,-0.0005628052749671042,sensor_data,2026-01-30 15:34:11.971
T7,AIN50,Thermocouple,-1.4327526514534838e-05,sensor_data,2026-01-30 15:34:11.971
T7,AIN54,Pressure,0.5128486752510071,sensor_data,2026-01-30 15:34:11.995
T7,AIN48,LoadCell,0.0003024665638804436,sensor_data,2026-01-30 15:34:11.995
T7,AIN52,Pressure,0.511902391910553,sensor_data,2026-01-30 15:34:11.995
T7,AIN49,Thermocouple,-0.0005797977210022509,sensor_data,2026-01-30 15:34:11.995
T7,AIN50,Thermocouple,-2.2509064365294762e-05,sensor_data,2026-01-30 15:34:11.995
T7,AIN54,Pressure,0.5134795308113098,sensor_data,2026-01-30 15:34:11.995
T7,AIN48,LoadCell,0.00030183541821315885,sensor_data,2026-01-30 15:34:11.995
T7,AIN52,Pressure,0.5115869641304016,sensor_data,2026-01-30 15:34:11.995
T7,AIN49,Thermocouple,-0.0005760216154158115,sensor_data,2026-01-30 15:34:11.995
T7,AIN50,Thermocouple,-2.7543857868295163e-05,sensor_data,2026-01-30 15:34:11.995
T7,AIN54,Pressure,0.5125332474708557,sensor_data,2026-01-30 15:34:12.044
T7,AIN48,LoadCell,0.00030783130205236375,sensor_data,2026-01-30 15:34:12.044
T7,AIN52,Pressure,0.5122178196907043,sensor_data,2026-01-30 15:34:12.044
T7,AIN49,Thermocouple,-0.0005722455098293722,sensor_data,2026-01-30 15:34:12.044
T7,AIN50,Thermocouple,-2.219439011241775e-05,sensor_data,2026-01-30 15:34:12.044
T7,AIN54,Pressure,0.5128486752510071,sensor_data,2026-01-30 15:34:12.044
T7,AIN48,LoadCell,0.0002989952627103776,sensor_data,2026-01-30 15:34:12.044
T7,AIN52,Pressure,0.5115869641304016,sensor_data,2026-01-30 15:34:12.044
T7,AIN49,Thermocouple,-0.0005785390385426581,sensor_data,2026-01-30 15:34:12.044
T7,AIN50,Thermocouple,-2.8487882445915602e-05,sensor_data,2026-01-30 15:34:12.044
T7,AIN54,Pressure,0.5141103863716125,sensor_data,2026-01-30 15:34:12.068
T7,AIN48,LoadCell,0.00029583953437395394,sensor_data,2026-01-30 15:34:12.068
T7,AIN52,Pressure,0.511902391910553,sensor_data,2026-01-30 15:34:12.068
T7,AIN49,Thermocouple,-0.0005697281449101865,sensor_data,2026-01-30 15:34:12.068
T7,AIN50,Thermocouple,-3.509604721330106e-05,sensor_data,2026-01-30 15:34:12.068
T7,AIN54,Pressure,0.5131641030311584,sensor_data,2026-01-30 15:34:12.092
T7,AIN48,LoadCell,0.00030372885521501303,sensor_data,2026-01-30 15:34:12.092
T7,AIN52,Pressure,0.5115869641304016,sensor_data,2026-01-30 15:34:12.092
T7,AIN49,Thermocouple,-0.000565637368708849,sensor_data,2026-01-30 15:34:12.092
T7,AIN50,Thermocouple,-2.4397111701546237e-05,sensor_data,2026-01-30 15:34:12.092
T7,AIN54,Pressure,0.5134795308113098,sensor_data,2026-01-30 15:34:12.116
T7,AIN48,LoadCell,0.0003015198453795165,sensor_data,2026-01-30 15:34:12.116
T7,AIN52,Pressure,0.5103252530097961,sensor_data,2026-01-30 15:34:12.116
T7,AIN49,Thermocouple,-0.0005731895798817277,sensor_data,2026-01-30 15:34:12.116
T7,AIN50,Thermocouple,-3.729877062141895e-05,sensor_data,2026-01-30 15:34:12.116
T7,AIN54,Pressure,0.5125332474708557,sensor_data,2026-01-30 15:34:12.116
T7,AIN48,LoadCell,0.00030183541821315885,sensor_data,2026-01-30 15:34:12.116
T7,AIN52,Pressure,0.5115869641304016,sensor_data,2026-01-30 15:34:12.116
T7,AIN49,Thermocouple,-0.0005769656272605062,sensor_data,2026-01-30 15:34:12.116
T7,AIN50,Thermocouple,-3.824279338004999e-05,sensor_data,2026-01-30 15:34:12.116
T7,AIN54,Pressure,0.5144258141517639,sensor_data,2026-01-30 15:34:12.170
T7,AIN48,LoadCell,0.00030436000088229775,sensor_data,2026-01-30 15:34:12.170
T7,AIN52,Pressure,0.5106406807899475,sensor_data,2026-01-30 15:34:12.170
T7,AIN49,Thermocouple,-0.0005788537091575563,sensor_data,2026-01-30 15:34:12.170
T7,AIN50,Thermocouple,-2.219439011241775e-05,sensor_data,2026-01-30 15:34:12.170
T7,AIN54,Pressure,0.5128486752510071,sensor_data,2026-01-30 15:34:12.170
T7,AIN48,LoadCell,0.00029678625287488103,sensor_data,2026-01-30 15:34:12.170
T7,AIN52,Pressure,0.5115869641304016,sensor_data,2026-01-30 15:34:12.170
T7,AIN49,Thermocouple,-0.000571930839214474,sensor_data,2026-01-30 15:34:12.170
T7,AIN50,Thermocouple,-3.131995254079811e-05,sensor_data,2026-01-30 15:34:12.170
T7,AIN54,Pressure,0.5128486752510071,sensor_data,2026-01-30 15:34:12.195
T7,AIN48,LoadCell,0.0003024665638804436,sensor_data,2026-01-30 15:34:12.195
T7,AIN52,Pressure,0.5122178196907043,sensor_data,2026-01-30 15:34:12.195
T7,AIN49,Thermocouple,-0.0005722455098293722,sensor_data,2026-01-30 15:34:12.195
T7,AIN50,Thermocouple,-2.691450936254114e-05,sensor_data,2026-01-30 15:34:12.195
T7,AIN54,Pressure,0.5134795308113098,sensor_data,2026-01-30 15:34:12.195
T7,AIN48,LoadCell,0.0003040444280486554,sensor_data,2026-01-30 15:34:12.195
T7,AIN52,Pressure,0.5115869641304016,sensor_data,2026-01-30 15:34:12.195
T7,AIN49,Thermocouple,-0.0005728748510591686,sensor_data,2026-01-30 15:34:12.195
T7,AIN50,Thermocouple,-3.1949301046552137e-05,sensor_data,2026-01-30 15:34:12.195
T7,AIN54,Pressure,0.5147411823272705,sensor_data,2026-01-30 15:34:12.244
T7,AIN48,LoadCell,0.0003109870303887874,sensor_data,2026-01-30 15:34:12.244
T7,AIN52,Pressure,0.5122178196907043,sensor_data,2026-01-30 15:34:12.244
T7,AIN49,Thermocouple,-0.0005797977210022509,sensor_data,2026-01-30 15:34:12.244
T7,AIN50,Thermocouple,-2.8487882445915602e-05,sensor_data,2026-01-30 15:34:12.244
T7,AIN54,Pressure,0.5153720378875732,sensor_data,2026-01-30 15:34:12.244
T7,AIN48,LoadCell,0.0003040444280486554,sensor_data,2026-01-30 15:34:12.244
T7,AIN52,Pressure,0.5106406807899475,sensor_data,2026-01-30 15:34:12.244
T7,AIN49,Thermocouple,-0.0005747629329562187,sensor_data,2026-01-30 15:34:12.244
T7,AIN50,Thermocouple,-2.5655810532043688e-05,sensor_data,2026-01-30 15:34:12.244
T7,AIN54,Pressure,0.5144258141517639,sensor_data,2026-01-30 15:34:12.274
T7,AIN48,LoadCell,0.00029647068004123867,sensor_data,2026-01-30 15:34:12.274
T7,AIN52,Pressure,0.5115869641304016,sensor_data,2026-01-30 15:34:12.274
T7,AIN49,Thermocouple,-0.0005640640156343579,sensor_data,2026-01-30 15:34:12.274
T7,AIN50,Thermocouple,-1.9991668523289263e-05,sensor_data,2026-01-30 15:34:12.274
T7,AIN54,Pressure,0.5131641030311584,sensor_data,2026-01-30 15:34:12.274
T7,AIN48,LoadCell,0.00031319604022428393,sensor_data,2026-01-30 15:34:12.274
T7,AIN52,Pressure,0.511902391910553,sensor_data,2026-01-30 15:34:12.274
T7,AIN49,Thermocouple,-0.0005640640156343579,sensor_data,2026-01-30 15:34:12.274
T7,AIN50,Thermocouple,-1.967699427041225e-05,sensor_data,2026-01-30 15:34:12.274
T7,AIN54,Pressure,0.5128486752510071,sensor_data,2026-01-30 15:34:12.298
T7,AIN48,LoadCell,0.00031035588472150266,sensor_data,2026-01-30 15:34:12.298
T7,AIN52,Pressure,0.5115869641304016,sensor_data,2026-01-30 15:34:12.298
T7,AIN49,Thermocouple,-0.0005694134742952883,sensor_data,2026-01-30 15:34:12.298
T7,AIN50,Thermocouple,-2.722918361541815e-05,sensor_data,2026-01-30 15:34:12.298
T7,AIN54,Pressure,0.5150566101074219,sensor_data,2026-01-30 15:34:12.335
T7,AIN48,LoadCell,0.00031572062289342284,sensor_data,2026-01-30 15:34:12.335
T7,AIN52,Pressure,0.5115869641304016,sensor_data,2026-01-30 15:34:12.335
T7,AIN49,Thermocouple,-0.000560917251277715,sensor_data,2026-01-30 15:34:12.335
T7,AIN50,Thermocouple,-3.446669870754704e-05,sensor_data,2026-01-30 15:34:12.335
T7,AIN54,Pressure,0.5128486752510071,sensor_data,2026-01-30 15:34:12.335
T7,AIN48,LoadCell,0.0003144583315588534,sensor_data,2026-01-30 15:34:12.335
T7,AIN52,Pressure,0.511902391910553,sensor_data,2026-01-30 15:34:12.335
T7,AIN49,Thermocouple,-0.0005820004153065383,sensor_data,2026-01-30 15:34:12.335
T7,AIN50,Thermocouple,-2.7858532121172175e-05,sensor_data,2026-01-30 15:34:12.335
T7,AIN54,Pressure,0.511902391910553,sensor_data,2026-01-30 15:34:12.379
T7,AIN48,LoadCell,0.0003135116130579263,sensor_data,2026-01-30 15:34:12.379
T7,AIN52,Pressure,0.5122178196907043,sensor_data,2026-01-30 15:34:12.379
T7,AIN49,Thermocouple,-0.0005735042504966259,sensor_data,2026-01-30 15:34:12.379
T7,AIN50,Thermocouple,-2.6285159037797712e-05,sensor_data,2026-01-30 15:34:12.379
T7,AIN54,Pressure,0.5128486752510071,sensor_data,2026-01-30 15:34:12.379
T7,AIN48,LoadCell,0.00032171650673262775,sensor_data,2026-01-30 15:34:12.379
T7,AIN52,Pressure,0.5103252530097961,sensor_data,2026-01-30 15:34:12.379
T7,AIN49,Thermocouple,-0.0005804270622320473,sensor_data,2026-01-30 15:34:12.379
T7,AIN50,Thermocouple,-4.2962910811183974e-05,sensor_data,2026-01-30 15:34:12.379
T7,AIN54,Pressure,0.5128486752510071,sensor_data,2026-01-30 15:34:12.406
T7,AIN48,LoadCell,0.00030940916622057557,sensor_data,2026-01-30 15:34:12.406
T7,AIN52,Pressure,0.5122178196907043,sensor_data,2026-01-30 15:34:12.406
T7,AIN49,Thermocouple,-0.0005687841330654919,sensor_data,2026-01-30 15:34:12.406
T7,AIN50,Thermocouple,-2.7858532121172175e-05,sensor_data,2026-01-30 15:34:12.406
T7,AIN54,Pressure,0.5125332474708557,sensor_data,2026-01-30 15:34:12.432
T7,AIN48,LoadCell,0.00032076978823170066,sensor_data,2026-01-30 15:34:12.432
T7,AIN52,Pressure,0.5122178196907043,sensor_data,2026-01-30 15:34:12.432
T7,AIN49,Thermocouple,-0.000576650956645608,sensor_data,2026-01-30 15:34:12.432
T7,AIN50,Thermocouple,-3.131995254079811e-05,sensor_data,2026-01-30 15:34:12.432
T7,AIN54,Pressure,0.5125332474708557,sensor_data,2026-01-30 15:34:12.455
T7,AIN48,LoadCell,0.00031572062289342284,sensor_data,2026-01-30 15:34:12.455
T7,AIN52,Pressure,0.5122178196907043,sensor_data,2026-01-30 15:34:12.455
T7,AIN49,Thermocouple,-0.0005694134742952883,sensor_data,2026-01-30 15:34:12.455
T7,AIN50,Thermocouple,-2.722918361541815e-05,sensor_data,2026-01-30 15:34:12.455
T7,AIN54,Pressure,0.5125332474708557,sensor_data,2026-01-30 15:34:12.455
T7,AIN48,LoadCell,0.0003084624477196485,sensor_data,2026-01-30 15:34:12.455
T7,AIN52,Pressure,0.5115869641304016,sensor_data,2026-01-30 15:34:12.455
T7,AIN49,Thermocouple,-0.0005678400630131364,sensor_data,2026-01-30 15:34:12.455
T7,AIN50,Thermocouple,-3.9501490391558036e-05,sensor_data,2026-01-30 15:34:12.455
T7,AIN54,Pressure,0.5122178196907043,sensor_data,2026-01-30 15:34:12.511
T7,AIN48,LoadCell,0.0003100403118878603,sensor_data,2026-01-30 15:34:12.511
T7,AIN52,Pressure,0.5122178196907043,sensor_data,2026-01-30 15:34:12.511
T7,AIN49,Thermocouple,-0.0005606025806628168,sensor_data,2026-01-30 15:34:12.511
T7,AIN50,Thermocouple,-2.9117230951669626e-05,sensor_data,2026-01-30 15:34:12.511
T7,AIN54,Pressure,0.5122178196907043,sensor_data,2026-01-30 15:34:12.511
T7,AIN48,LoadCell,0.0003169829142279923,sensor_data,2026-01-30 15:34:12.511
T7,AIN52,Pressure,0.5115869641304016,sensor_data,2026-01-30 15:34:12.511
T7,AIN49,Thermocouple,-0.0005775950266979635,sensor_data,2026-01-30 15:34:12.511
T7,AIN50,Thermocouple,-3.5725395719055086e-05,sensor_data,2026-01-30 15:34:12.511
T7,AIN54,Pressure,0.5134795308113098,sensor_data,2026-01-30 15:34:12.535
T7,AIN48,LoadCell,0.0003204542153980583,sensor_data,2026-01-30 15:34:12.535
T7,AIN52,Pressure,0.5115869641304016,sensor_data,2026-01-30 15:34:12.535
T7,AIN49,Thermocouple,-0.0005763362860307097,sensor_data,2026-01-30 15:34:12.535
T7,AIN50,Thermocouple,-2.691450936254114e-05,sensor_data,2026-01-30 15:34:12.535
T7,AIN54,Pressure,0.5131641030311584,sensor_data,2026-01-30 15:34:12.560
T7,AIN48,LoadCell,0.00032708124490454793,sensor_data,2026-01-30 15:34:12.560
T7,AIN52,Pressure,0.511902391910553,sensor_data,2026-01-30 15:34:12.560
T7,AIN49,Thermocouple,-0.0005760216154158115,sensor_data,2026-01-30 15:34:12.560
T7,AIN50,Thermocouple,-3.3837350201793015e-05,sensor_data,2026-01-30 15:34:12.560
T7,AIN54,Pressure,0.5134795308113098,sensor_data,2026-01-30 15:34:12.589
T7,AIN48,LoadCell,0.00031919192406348884,sensor_data,2026-01-30 15:34:12.589
T7,AIN52,Pressure,0.511902391910553,sensor_data,2026-01-30 15:34:12.589
T7,AIN49,Thermocouple,-0.0005728748510591686,sensor_data,2026-01-30 15:34:12.589
T7,AIN50,Thermocouple,-3.887214188580401e-05,sensor_data,2026-01-30 15:34:12.589
T7,AIN54,Pressure,0.5134795308113098,sensor_data,2026-01-30 15:34:12.589
T7,AIN48,LoadCell,0.0003195074968971312,sensor_data,2026-01-30 15:34:12.589
T7,AIN52,Pressure,0.5131641030311584,sensor_data,2026-01-30 15:34:12.589
T7,AIN49,Thermocouple,-0.0005643786862492561,sensor_data,2026-01-30 15:34:12.589
T7,AIN50,Thermocouple,-2.691450936254114e-05,sensor_data,2026-01-30 15:34:12.589
T7,AIN54,Pressure,0.5131641030311584,sensor_data,2026-01-30 15:34:12.619
T7,AIN48,LoadCell,0.0003075157292187214,sensor_data,2026-01-30 15:34:12.619
T7,AIN52,Pressure,0.5122178196907043,sensor_data,2026-01-30 15:34:12.619
T7,AIN49,Thermocouple,-0.0005694134742952883,sensor_data,2026-01-30 15:34:12.619
T7,AIN50,Thermocouple,-2.0306342776166275e-05,sensor_data,2026-01-30 15:34:12.619
T7,AIN54,Pressure,0.5125332474708557,sensor_data,2026-01-30 15:34:12.619
T7,AIN48,LoadCell,0.00031130260322242975,sensor_data,2026-01-30 15:34:12.619
T7,AIN52,Pressure,0.511902391910553,sensor_data,2026-01-30 15:34:12.619
T7,AIN49,Thermocouple,-0.0005892379558645189,sensor_data,2026-01-30 15:34:12.619
T7,AIN50,Thermocouple,-2.7858532121172175e-05,sensor_data,2026-01-30 15:34:12.619
T7,AIN54,Pressure,0.5122178196907043,sensor_data,2026-01-30 15:34:12.645
T7,AIN48,LoadCell,0.0003229787980671972,sensor_data,2026-01-30 15:34:12.645
T7,AIN52,Pressure,0.511902391910553,sensor_data,2026-01-30 15:34:12.645
T7,AIN49,Thermocouple,-0.0005678400630131364,sensor_data,2026-01-30 15:34:12.645
T7,AIN50,Thermocouple,-3.069060403504409e-05,sensor_data,2026-01-30 15:34:12.645
T7,AIN54,Pressure,0.5141103863716125,sensor_data,2026-01-30 15:34:12.670
T7,AIN48,LoadCell,0.0003144583315588534,sensor_data,2026-01-30 15:34:12.670
T7,AIN52,Pressure,0.5128486752510071,sensor_data,2026-01-30 15:34:12.670
T7,AIN49,Thermocouple,-0.0005785390385426581,sensor_data,2026-01-30 15:34:12.670
T7,AIN50,Thermocouple,-1.936232001753524e-05,sensor_data,2026-01-30 15:34:12.670
T7,AIN54,Pressure,0.5125332474708557,sensor_data,2026-01-30 15:34:12.692
T7,AIN48,LoadCell,0.00029741739854216576,sensor_data,2026-01-30 15:34:12.692
T7,AIN52,Pressure,0.5115869641304016,sensor_data,2026-01-30 15:34:12.692
T7,AIN49,Thermocouple,-0.0005536797107197344,sensor_data,2026-01-30 15:34:12.692
T7,AIN50,Thermocouple,-2.8173206374049187e-05,sensor_data,2026-01-30 15:34:12.692
T7,AIN54,Pressure,0.5141103863716125,sensor_data,2026-01-30 15:34:12.718
T7,AIN48,LoadCell,0.000324556662235409,sensor_data,2026-01-30 15:34:12.718
T7,AIN52,Pressure,0.511902391910553,sensor_data,2026-01-30 15:34:12.718
T7,AIN49,Thermocouple,-0.0005750776035711169,sensor_data,2026-01-30 15:34:12.718
T7,AIN50,Thermocouple,-2.6285159037797712e-05,sensor_data,2026-01-30 15:34:12.718
T7,AIN54,Pressure,0.5137949585914612,sensor_data,2026-01-30 15:34:12.739
T7,AIN48,LoadCell,0.00031319604022428393,sensor_data,2026-01-30 15:34:12.739
T7,AIN52,Pressure,0.511902391910553,sensor_data,2026-01-30 15:34:12.739
T7,AIN49,Thermocouple,-0.0005763362860307097,sensor_data,2026-01-30 15:34:12.739
T7,AIN50,Thermocouple,-2.3767763195792213e-05,sensor_data,2026-01-30 15:34:12.739
T7,AIN54,Pressure,0.5115869641304016,sensor_data,2026-01-30 15:34:12.739
T7,AIN48,LoadCell,0.0003169829142279923,sensor_data,2026-01-30 15:34:12.739
T7,AIN52,Pressure,0.5112715363502502,sensor_data,2026-01-30 15:34:12.739
T7,AIN49,Thermocouple,-0.0005725601804442704,sensor_data,2026-01-30 15:34:12.739
T7,AIN50,Thermocouple,-3.1634626793675125e-05,sensor_data,2026-01-30 15:34:12.739
T7,AIN54,Pressure,0.5141103863716125,sensor_data,2026-01-30 15:34:12.788
T7,AIN48,LoadCell,0.00030625343788415194,sensor_data,2026-01-30 15:34:12.788
T7,AIN52,Pressure,0.5096943974494934,sensor_data,2026-01-30 15:34:12.788
T7,AIN49,Thermocouple,-0.0005725601804442704,sensor_data,2026-01-30 15:34:12.788
T7,AIN50,Thermocouple,-2.7543857868295163e-05,sensor_data,2026-01-30 15:34:12.788
T7,AIN54,Pressure,0.5122178196907043,sensor_data,2026-01-30 15:34:12.788
T7,AIN48,LoadCell,0.0003119337488897145,sensor_data,2026-01-30 15:34:12.788
T7,AIN52,Pressure,0.5109561085700989,sensor_data,2026-01-30 15:34:12.788
T7,AIN49,Thermocouple,-0.0005703574861399829,sensor_data,2026-01-30 15:34:12.788
T7,AIN50,Thermocouple,-2.7858532121172175e-05,sensor_data,2026-01-30 15:34:12.788
T7,AIN54,Pressure,0.5125332474708557,sensor_data,2026-01-30 15:34:12.813
T7,AIN48,LoadCell,0.0003075157292187214,sensor_data,2026-01-30 15:34:12.813
T7,AIN52,Pressure,0.511902391910553,sensor_data,2026-01-30 15:34:12.813
T7,AIN49,Thermocouple,-0.0005775950266979635,sensor_data,2026-01-30 15:34:12.813
T7,AIN50,Thermocouple,-2.8802556698792614e-05,sensor_data,2026-01-30 15:34:12.813
T7,AIN54,Pressure,0.5137949585914612,sensor_data,2026-01-30 15:34:12.838
T7,AIN48,LoadCell,0.0003188763512298465,sensor_data,2026-01-30 15:34:12.838
T7,AIN52,Pressure,0.511902391910553,sensor_data,2026-01-30 15:34:12.838
T7,AIN49,Thermocouple,-0.0005801123916171491,sensor_data,2026-01-30 15:34:12.838
T7,AIN50,Thermocouple,-3.006125371030066e-05,sensor_data,2026-01-30 15:34:12.838
T7,AIN54,Pressure,0.5128486752510071,sensor_data,2026-01-30 15:34:12.838
T7,AIN48,LoadCell,0.0003081468748860061,sensor_data,2026-01-30 15:34:12.838
T7,AIN52,Pressure,0.5122178196907043,sensor_data,2026-01-30 15:34:12.838
T7,AIN49,Thermocouple,-0.0005816857446916401,sensor_data,2026-01-30 15:34:12.838
T7,AIN50,Thermocouple,-2.219439011241775e-05,sensor_data,2026-01-30 15:34:12.838
T7,AIN54,Pressure,0.5137949585914612,sensor_data,2026-01-30 15:34:12.862
T7,AIN48,LoadCell,0.00030940916622057557,sensor_data,2026-01-30 15:34:12.862
T7,AIN52,Pressure,0.5109561085700989,sensor_data,2026-01-30 15:34:12.862
T7,AIN49,Thermocouple,-0.0005694134742952883,sensor_data,2026-01-30 15:34:12.862
T7,AIN50,Thermocouple,-2.5026462026289664e-05,sensor_data,2026-01-30 15:34:12.862
T7,AIN54,Pressure,0.5125332474708557,sensor_data,2026-01-30 15:34:12.888
T7,AIN48,LoadCell,0.0003144583315588534,sensor_data,2026-01-30 15:34:12.888
T7,AIN52,Pressure,0.5122178196907043,sensor_data,2026-01-30 15:34:12.888
T7,AIN49,Thermocouple,-0.0005716161685995758,sensor_data,2026-01-30 15:34:12.888
T7,AIN50,Thermocouple,-3.0375929782167077e-05,sensor_data,2026-01-30 15:34:12.888
T7,AIN54,Pressure,0.5131641030311584,sensor_data,2026-01-30 15:34:12.912
T7,AIN48,LoadCell,0.00030530671938322484,sensor_data,2026-01-30 15:34:12.912
T7,AIN52,Pressure,0.511902391910553,sensor_data,2026-01-30 15:34:12.912
T7,AIN49,Thermocouple,-0.0005763362860307097,sensor_data,2026-01-30 15:34:12.912
T7,AIN50,Thermocouple,-2.1879715859540738e-05,sensor_data,2026-01-30 15:34:12.912
T7,AIN54,Pressure,0.5141103863716125,sensor_data,2026-01-30 15:34:12.936
T7,AIN48,LoadCell,0.00031635176856070757,sensor_data,2026-01-30 15:34:12.936
T7,AIN52,Pressure,0.5115869641304016,sensor_data,2026-01-30 15:34:12.936
T7,AIN49,Thermocouple,-0.0005854618502780795,sensor_data,2026-01-30 15:34:12.936
T7,AIN50,Thermocouple,-4.264823655830696e-05,sensor_data,2026-01-30 15:34:12.936
T7,AIN54,Pressure,0.5137949585914612,sensor_data,2026-01-30 15:34:12.964
T7,AIN48,LoadCell,0.00031382718589156866,sensor_data,2026-01-30 15:34:12.964
T7,AIN52,Pressure,0.5112715363502502,sensor_data,2026-01-30 15:34:12.964
T7,AIN49,Thermocouple,-0.0005646933568641543,sensor_data,2026-01-30 15:34:12.964
T7,AIN50,Thermocouple,-2.2509064365294762e-05,sensor_data,2026-01-30 15:34:12.964
T7,AIN54,Pressure,0.5125332474708557,sensor_data,2026-01-30 15:34:12.990
T7,AIN48,LoadCell,0.00030783130205236375,sensor_data,2026-01-30 15:34:12.990
T7,AIN52,Pressure,0.5106406807899475,sensor_data,2026-01-30 15:34:12.990
T7,AIN49,Thermocouple,-0.0005706721567548811,sensor_data,2026-01-30 15:34:12.990
T7,AIN50,Thermocouple,-2.4711787773412652e-05,sensor_data,2026-01-30 15:34:12.990
T7,AIN54,Pressure,0.5128486752510071,sensor_data,2026-01-30 15:34:12.991
T7,AIN48,LoadCell,0.000314142758725211,sensor_data,2026-01-30 15:34:12.991
T7,AIN52,Pressure,0.5084326863288879,sensor_data,2026-01-30 15:34:12.991
T7,AIN49,Thermocouple,-0.0005709868273697793,sensor_data,2026-01-30 15:34:12.991
T7,AIN50,Thermocouple,-2.9117230951669626e-05,sensor_data,2026-01-30 15:34:12.991
T7,AIN54,Pressure,0.5131641030311584,sensor_data,2026-01-30 15:34:13.016
T7,AIN48,LoadCell,0.00031035588472150266,sensor_data,2026-01-30 15:34:13.016
T7,AIN52,Pressure,0.5103252530097961,sensor_data,2026-01-30 15:34:13.016
T7,AIN49,Thermocouple,-0.0005810564034618437,sensor_data,2026-01-30 15:34:13.016
T7,AIN50,Thermocouple,-3.006125371030066e-05,sensor_data,2026-01-30 15:34:13.016
T7,AIN54,Pressure,0.5125332474708557,sensor_data,2026-01-30 15:34:13.041
T7,AIN48,LoadCell,0.0002989952627103776,sensor_data,2026-01-30 15:34:13.041
T7,AIN52,Pressure,0.5106406807899475,sensor_data,2026-01-30 15:34:13.041
T7,AIN49,Thermocouple,-0.0005741335917264223,sensor_data,2026-01-30 15:34:13.041
T7,AIN50,Thermocouple,-2.7858532121172175e-05,sensor_data,2026-01-30 15:34:13.041
T7,AIN54,Pressure,0.5144258141517639,sensor_data,2026-01-30 15:34:13.041
T7,AIN48,LoadCell,0.00032171650673262775,sensor_data,2026-01-30 15:34:13.041
T7,AIN52,Pressure,0.5103252530097961,sensor_data,2026-01-30 15:34:13.041
T7,AIN49,Thermocouple,-0.0005860911915078759,sensor_data,2026-01-30 15:34:13.041
T7,AIN50,Thermocouple,-2.6599835109664127e-05,sensor_data,2026-01-30 15:34:13.041
T7,AIN54,Pressure,0.5128486752510071,sensor_data,2026-01-30 15:34:13.074
T7,AIN48,LoadCell,0.000314142758725211,sensor_data,2026-01-30 15:34:13.074
T7,AIN52,Pressure,0.5109561085700989,sensor_data,2026-01-30 15:34:13.074
T7,AIN49,Thermocouple,-0.000565637368708849,sensor_data,2026-01-30 15:34:13.074
T7,AIN50,Thermocouple,-3.729877062141895e-05,sensor_data,2026-01-30 15:34:13.074
T7,AIN54,Pressure,0.5128486752510071,sensor_data,2026-01-30 15:34:13.106
T7,AIN48,LoadCell,0.00030940916622057557,sensor_data,2026-01-30 15:34:13.106
T7,AIN52,Pressure,0.5122178196907043,sensor_data,2026-01-30 15:34:13.106
T7,AIN49,Thermocouple,-0.0005892379558645189,sensor_data,2026-01-30 15:34:13.106
T7,AIN50,Thermocouple,-3.8557467632927e-05,sensor_data,2026-01-30 15:34:13.106
T7,AIN54,Pressure,0.5128486752510071,sensor_data,2026-01-30 15:34:13.106
T7,AIN48,LoadCell,0.00031635176856070757,sensor_data,2026-01-30 15:34:13.106
T7,AIN52,Pressure,0.5115869641304016,sensor_data,2026-01-30 15:34:13.106
T7,AIN49,Thermocouple,-0.0005728748510591686,sensor_data,2026-01-30 15:34:13.106
T7,AIN50,Thermocouple,-2.5655810532043688e-05,sensor_data,2026-01-30 15:34:13.106
T7,AIN54,Pressure,0.5128486752510071,sensor_data,2026-01-30 15:34:13.128
T7,AIN48,LoadCell,0.00030593786505050957,sensor_data,2026-01-30 15:34:13.128
T7,AIN52,Pressure,0.5106406807899475,sensor_data,2026-01-30 15:34:13.128
T7,AIN49,Thermocouple,-0.0005785390385426581,sensor_data,2026-01-30 15:34:13.128
T7,AIN50,Thermocouple,-2.0621017029043287e-05,sensor_data,2026-01-30 15:34:13.128
T7,AIN54,Pressure,0.5147411823272705,sensor_data,2026-01-30 15:34:13.149
T7,AIN48,LoadCell,0.000317614059895277,sensor_data,2026-01-30 15:34:13.149
T7,AIN52,Pressure,0.5115869641304016,sensor_data,2026-01-30 15:34:13.149
T7,AIN49,Thermocouple,-0.0005763362860307097,sensor_data,2026-01-30 15:34:13.149
T7,AIN50,Thermocouple,-3.0375929782167077e-05,sensor_data,2026-01-30 15:34:13.149
T7,AIN54,Pressure,0.5125332474708557,sensor_data,2026-01-30 15:34:13.177
T7,AIN48,LoadCell,0.00031477390439249575,sensor_data,2026-01-30 15:34:13.177
T7,AIN52,Pressure,0.5112715363502502,sensor_data,2026-01-30 15:34:13.177
T7,AIN49,Thermocouple,-0.0005650080274790525,sensor_data,2026-01-30 15:34:13.177
T7,AIN50,Thermocouple,-3.131995254079811e-05,sensor_data,2026-01-30 15:34:13.177
T7,AIN54,Pressure,0.5131641030311584,sensor_data,2026-01-30 15:34:13.209
T7,AIN48,LoadCell,0.0003012042725458741,sensor_data,2026-01-30 15:34:13.209
T7,AIN52,Pressure,0.5096943974494934,sensor_data,2026-01-30 15:34:13.209
T7,AIN49,Thermocouple,-0.0005807417328469455,sensor_data,2026-01-30 15:34:13.209
T7,AIN50,Thermocouple,-3.131995254079811e-05,sensor_data,2026-01-30 15:34:13.209
T7,AIN54,Pressure,0.5141103863716125,sensor_data,2026-01-30 15:34:13.209
T7,AIN48,LoadCell,0.00030088869971223176,sensor_data,2026-01-30 15:34:13.209
T7,AIN52,Pressure,0.5100098252296448,sensor_data,2026-01-30 15:34:13.209
T7,AIN49,Thermocouple,-0.0005760216154158115,sensor_data,2026-01-30 15:34:13.209
T7,AIN50,Thermocouple,-2.2509064365294762e-05,sensor_data,2026-01-30 15:34:13.209
T7,AIN54,Pressure,0.5137949585914612,sensor_data,2026-01-30 15:34:13.238
T7,AIN48,LoadCell,0.00030436000088229775,sensor_data,2026-01-30 15:34:13.238
T7,AIN52,Pressure,0.511902391910553,sensor_data,2026-01-30 15:34:13.238
T7,AIN49,Thermocouple,-0.0005785390385426581,sensor_data,2026-01-30 15:34:13.238
T7,AIN50,Thermocouple,-2.5341136279166676e-05,sensor_data,2026-01-30 15:34:13.238
T7,AIN54,Pressure,0.5137949585914612,sensor_data,2026-01-30 15:34:13.238
T7,AIN48,LoadCell,0.00030530671938322484,sensor_data,2026-01-30 15:34:13.238
T7,AIN52,Pressure,0.5109561085700989,sensor_data,2026-01-30 15:34:13.238
T7,AIN49,Thermocouple,-0.0005694134742952883,sensor_data,2026-01-30 15:34:13.238
T7,AIN50,Thermocouple,-2.59704847849207e-05,sensor_data,2026-01-30 15:34:13.238
T7,AIN54,Pressure,0.5131641030311584,sensor_data,2026-01-30 15:34:13.271
T7,AIN48,LoadCell,0.00030877802055329084,sensor_data,2026-01-30 15:34:13.271
T7,AIN52,Pressure,0.5112715363502502,sensor_data,2026-01-30 15:34:13.271
T7,AIN49,Thermocouple,-0.0005687841330654919,sensor_data,2026-01-30 15:34:13.271
T7,AIN50,Thermocouple,-2.9117230951669626e-05,sensor_data,2026-01-30 15:34:13.271
T7,AIN54,Pressure,0.5122178196907043,sensor_data,2026-01-30 15:34:13.309
T7,AIN48,LoadCell,0.0003214009338989854,sensor_data,2026-01-30 15:34:13.309
T7,AIN52,Pressure,0.5122178196907043,sensor_data,2026-01-30 15:34:13.309
T7,AIN49,Thermocouple,-0.0005716161685995758,sensor_data,2026-01-30 15:34:13.309
T7,AIN50,Thermocouple,-2.5655810532043688e-05,sensor_data,2026-01-30 15:34:13.309
T7,AIN54,Pressure,0.5150566101074219,sensor_data,2026-01-30 15:34:13.309
T7,AIN48,LoadCell,0.0003081468748860061,sensor_data,2026-01-30 15:34:13.309
T7,AIN52,Pressure,0.5122178196907043,sensor_data,2026-01-30 15:34:13.309
T7,AIN49,Thermocouple,-0.0005684694624505937,sensor_data,2026-01-30 15:34:13.309
T7,AIN50,Thermocouple,-3.60400699719321e-05,sensor_data,2026-01-30 15:34:13.309
T7,AIN54,Pressure,0.5141103863716125,sensor_data,2026-01-30 15:34:13.336
T7,AIN48,LoadCell,0.0003075157292187214,sensor_data,2026-01-30 15:34:13.336
T7,AIN52,Pressure,0.5100098252296448,sensor_data,2026-01-30 15:34:13.336
T7,AIN49,Thermocouple,-0.0005590292275883257,sensor_data,2026-01-30 15:34:13.336
T7,AIN50,Thermocouple,-4.579498272505589e-05,sensor_data,2026-01-30 15:34:13.336
T7,AIN54,Pressure,0.5128486752510071,sensor_data,2026-01-30 15:34:13.371
T7,AIN48,LoadCell,0.00032171650673262775,sensor_data,2026-01-30 15:34:13.371
T7,AIN52,Pressure,0.511902391910553,sensor_data,2026-01-30 15:34:13.371
T7,AIN49,Thermocouple,-0.0005741335917264223,sensor_data,2026-01-30 15:34:13.371
T7,AIN50,Thermocouple,-3.069060403504409e-05,sensor_data,2026-01-30 15:34:13.371
T7,AIN54,Pressure,0.5134795308113098,sensor_data,2026-01-30 15:34:13.371
T7,AIN48,LoadCell,0.0003188763512298465,sensor_data,2026-01-30 15:34:13.371
T7,AIN52,Pressure,0.5103252530097961,sensor_data,2026-01-30 15:34:13.371
T7,AIN49,Thermocouple,-0.0005694134742952883,sensor_data,2026-01-30 15:34:13.371
T7,AIN50,Thermocouple,-2.6285159037797712e-05,sensor_data,2026-01-30 15:34:13.371
T7,AIN54,Pressure,0.5122178196907043,sensor_data,2026-01-30 15:34:13.399
T7,AIN48,LoadCell,0.00031477390439249575,sensor_data,2026-01-30 15:34:13.399
T7,AIN52,Pressure,0.5115869641304016,sensor_data,2026-01-30 15:34:13.399
T7,AIN49,Thermocouple,-0.0005681547336280346,sensor_data,2026-01-30 15:34:13.399
T7,AIN50,Thermocouple,-2.9431905204546638e-05,sensor_data,2026-01-30 15:34:13.399
T7,AIN54,Pressure,0.5128486752510071,sensor_data,2026-01-30 15:34:13.399
T7,AIN48,LoadCell,0.00030436000088229775,sensor_data,2026-01-30 15:34:13.399
T7,AIN52,Pressure,0.5115869641304016,sensor_data,2026-01-30 15:34:13.399
T7,AIN49,Thermocouple,-0.0005115133244544268,sensor_data,2026-01-30 15:34:13.399
T7,AIN50,Thermocouple,-2.8173206374049187e-05,sensor_data,2026-01-30 15:34:13.399
T7,AIN54,Pressure,0.5128486752510071,sensor_data,2026-01-30 15:34:13.423
T7,AIN48,LoadCell,0.000310671457555145,sensor_data,2026-01-30 15:34:13.423
T7,AIN52,Pressure,0.5115869641304016,sensor_data,2026-01-30 15:34:13.423
T7,AIN49,Thermocouple,-0.0005722455098293722,sensor_data,2026-01-30 15:34:13.423
T7,AIN50,Thermocouple,-3.415202445467003e-05,sensor_data,2026-01-30 15:34:13.423
T7,AIN54,Pressure,0.5141103863716125,sensor_data,2026-01-30 15:34:13.450
T7,AIN48,LoadCell,0.0003081468748860061,sensor_data,2026-01-30 15:34:13.450
T7,AIN52,Pressure,0.5106406807899475,sensor_data,2026-01-30 15:34:13.450
T7,AIN49,Thermocouple,-0.0005753922741860151,sensor_data,2026-01-30 15:34:13.450
T7,AIN50,Thermocouple,-3.635474422480911e-05,sensor_data,2026-01-30 15:34:13.450
T7,AIN54,Pressure,0.5141103863716125,sensor_data,2026-01-30 15:34:13.475
T7,AIN48,LoadCell,0.00031824520556256175,sensor_data,2026-01-30 15:34:13.475
T7,AIN52,Pressure,0.5103252530097961,sensor_data,2026-01-30 15:34:13.475
T7,AIN49,Thermocouple,-0.0005687841330654919,sensor_data,2026-01-30 15:34:13.475
T7,AIN50,Thermocouple,-2.7858532121172175e-05,sensor_data,2026-01-30 15:34:13.475
T7,AIN54,Pressure,0.5122178196907043,sensor_data,2026-01-30 15:34:13.475
T7,AIN48,LoadCell,0.00030877802055329084,sensor_data,2026-01-30 15:34:13.475
T7,AIN52,Pressure,0.5115869641304016,sensor_data,2026-01-30 15:34:13.475
T7,AIN49,Thermocouple,-0.0005631199455820024,sensor_data,2026-01-30 15:34:13.475
T7,AIN50,Thermocouple,-3.3837350201793015e-05,sensor_data,2026-01-30 15:34:13.475
T7,AIN54,Pressure,0.5125332474708557,sensor_data,2026-01-30 15:34:13.499
T7,AIN48,LoadCell,0.00031035588472150266,sensor_data,2026-01-30 15:34:13.499
T7,AIN52,Pressure,0.5112715363502502,sensor_data,2026-01-30 15:34:13.499
T7,AIN49,Thermocouple,-0.0005552531220018864,sensor_data,2026-01-30 15:34:13.499
T7,AIN50,Thermocouple,-3.320800169603899e-05,sensor_data,2026-01-30 15:34:13.499
T7,AIN54,Pressure,0.5128486752510071,sensor_data,2026-01-30 15:34:13.525
T7,AIN48,LoadCell,0.000314142758725211,sensor_data,2026-01-30 15:34:13.525
T7,AIN52,Pressure,0.5115869641304016,sensor_data,2026-01-30 15:34:13.525
T7,AIN49,Thermocouple,-0.0005744482623413205,sensor_data,2026-01-30 15:34:13.525
T7,AIN50,Thermocouple,-2.5655810532043688e-05,sensor_data,2026-01-30 15:34:13.525
T7,AIN54,Pressure,0.5125332474708557,sensor_data,2026-01-30 15:34:13.555
T7,AIN48,LoadCell,0.0003223476523999125,sensor_data,2026-01-30 15:34:13.555
T7,AIN52,Pressure,0.5122178196907043,sensor_data,2026-01-30 15:34:13.555
T7,AIN49,Thermocouple,-0.0005738189211115241,sensor_data,2026-01-30 15:34:13.555
T7,AIN50,Thermocouple,-2.8802556698792614e-05,sensor_data,2026-01-30 15:34:13.555
T7,AIN54,Pressure,0.511902391910553,sensor_data,2026-01-30 15:34:13.555
T7,AIN48,LoadCell,0.000317614059895277,sensor_data,2026-01-30 15:34:13.555
T7,AIN52,Pressure,0.5106406807899475,sensor_data,2026-01-30 15:34:13.555
T7,AIN49,Thermocouple,-0.0005662667099386454,sensor_data,2026-01-30 15:34:13.555
T7,AIN50,Thermocouple,-2.09356912819203e-05,sensor_data,2026-01-30 15:34:13.555
T7,AIN54,Pressure,0.5122178196907043,sensor_data,2026-01-30 15:34:13.583
T7,AIN48,LoadCell,0.0003220320795662701,sensor_data,2026-01-30 15:34:13.583
T7,AIN52,Pressure,0.5112715363502502,sensor_data,2026-01-30 15:34:13.583
T7,AIN49,Thermocouple,-0.0005549384513869882,sensor_data,2026-01-30 15:34:13.583
T7,AIN50,Thermocouple,-1.3698177099286113e-05,sensor_data,2026-01-30 15:34:13.583
T7,AIN54,Pressure,0.5122178196907043,sensor_data,2026-01-30 15:34:13.615
T7,AIN48,LoadCell,0.0003116181760560721,sensor_data,2026-01-30 15:34:13.615
T7,AIN52,Pressure,0.511902391910553,sensor_data,2026-01-30 15:34:13.615
T7,AIN49,Thermocouple,-0.0005728748510591686,sensor_data,2026-01-30 15:34:13.615
T7,AIN50,Thermocouple,-3.257864955230616e-05,sensor_data,2026-01-30 15:34:13.615
T7,AIN54,Pressure,0.5128486752510071,sensor_data,2026-01-30 15:34:13.615
T7,AIN48,LoadCell,0.00031824520556256175,sensor_data,2026-01-30 15:34:13.615
T7,AIN52,Pressure,0.5103252530097961,sensor_data,2026-01-30 15:34:13.615
T7,AIN49,Thermocouple,-0.0005788537091575563,sensor_data,2026-01-30 15:34:13.615
T7,AIN50,Thermocouple,-2.0621017029043287e-05,sensor_data,2026-01-30 15:34:13.615
T7,AIN54,Pressure,0.5131641030311584,sensor_data,2026-01-30 15:34:13.644
T7,AIN48,LoadCell,0.00030530671938322484,sensor_data,2026-01-30 15:34:13.644
T7,AIN52,Pressure,0.5103252530097961,sensor_data,2026-01-30 15:34:13.644
T7,AIN49,Thermocouple,-0.0005713014979846776,sensor_data,2026-01-30 15:34:13.644
T7,AIN50,Thermocouple,-3.824279338004999e-05,sensor_data,2026-01-30 15:34:13.644
T7,AIN54,Pressure,0.5131641030311584,sensor_data,2026-01-30 15:34:13.672
T7,AIN48,LoadCell,0.0003030977095477283,sensor_data,2026-01-30 15:34:13.672
T7,AIN52,Pressure,0.5106406807899475,sensor_data,2026-01-30 15:34:13.672
T7,AIN49,Thermocouple,-0.0005599732394330204,sensor_data,2026-01-30 15:34:13.672
T7,AIN50,Thermocouple,-3.509604721330106e-05,sensor_data,2026-01-30 15:34:13.672
T7,AIN54,Pressure,0.5125332474708557,sensor_data,2026-01-30 15:34:13.692
T7,AIN48,LoadCell,0.0003012042725458741,sensor_data,2026-01-30 15:34:13.692
T7,AIN52,Pressure,0.5122178196907043,sensor_data,2026-01-30 15:34:13.692
T7,AIN49,Thermocouple,-0.0005794830503873527,sensor_data,2026-01-30 15:34:13.692
T7,AIN50,Thermocouple,-3.320800169603899e-05,sensor_data,2026-01-30 15:34:13.692
T7,AIN54,Pressure,0.5128486752510071,sensor_data,2026-01-30 15:34:13.718
T7,AIN48,LoadCell,0.000307200156385079,sensor_data,2026-01-30 15:34:13.718
T7,AIN52,Pressure,0.5122178196907043,sensor_data,2026-01-30 15:34:13.718
T7,AIN49,Thermocouple,-0.0005668960511684418,sensor_data,2026-01-30 15:34:13.718
T7,AIN50,Thermocouple,-2.5026462026289664e-05,sensor_data,2026-01-30 15:34:13.718
T7,AIN54,Pressure,0.5128486752510071,sensor_data,2026-01-30 15:34:13.742
T7,AIN48,LoadCell,0.00030183541821315885,sensor_data,2026-01-30 15:34:13.742
T7,AIN52,Pressure,0.5106406807899475,sensor_data,2026-01-30 15:34:13.742
T7,AIN49,Thermocouple,-0.0005694134742952883,sensor_data,2026-01-30 15:34:13.742
T7,AIN50,Thermocouple,-2.5655810532043688e-05,sensor_data,2026-01-30 15:34:13.742
T7,AIN54,Pressure,0.5131641030311584,sensor_data,2026-01-30 15:34:13.775
T7,AIN48,LoadCell,0.0003056222922168672,sensor_data,2026-01-30 15:34:13.775
T7,AIN52,Pressure,0.5115869641304016,sensor_data,2026-01-30 15:34:13.775
T7,AIN49,Thermocouple,-0.0005690988036803901,sensor_data,2026-01-30 15:34:13.775
T7,AIN50,Thermocouple,-2.2509064365294762e-05,sensor_data,2026-01-30 15:34:13.775
T7,AIN54,Pressure,0.5131641030311584,sensor_data,2026-01-30 15:34:13.775
T7,AIN48,LoadCell,0.00030530671938322484,sensor_data,2026-01-30 15:34:13.775
T7,AIN52,Pressure,0.5122178196907043,sensor_data,2026-01-30 15:34:13.775
T7,AIN49,Thermocouple,-0.0005760216154158115,sensor_data,2026-01-30 15:34:13.775
T7,AIN50,Thermocouple,-2.9117230951669626e-05,sensor_data,2026-01-30 15:34:13.775
T7,AIN54,Pressure,0.511902391910553,sensor_data,2026-01-30 15:34:13.775
T7,AIN48,LoadCell,0.0003116181760560721,sensor_data,2026-01-30 15:34:13.775
T7,AIN52,Pressure,0.5100098252296448,sensor_data,2026-01-30 15:34:13.775
T7,AIN49,Thermocouple,-0.0005662667099386454,sensor_data,2026-01-30 15:34:13.775
T7,AIN50,Thermocouple,-4.264823655830696e-05,sensor_data,2026-01-30 15:34:13.775
T7,AIN54,Pressure,0.5128486752510071,sensor_data,2026-01-30 15:34:13.834
T7,AIN48,LoadCell,0.00030025755404494703,sensor_data,2026-01-30 15:34:13.834
T7,AIN52,Pressure,0.5122178196907043,sensor_data,2026-01-30 15:34:13.834
T7,AIN49,Thermocouple,-0.0005662667099386454,sensor_data,2026-01-30 15:34:13.834
T7,AIN50,Thermocouple,-3.257864955230616e-05,sensor_data,2026-01-30 15:34:13.834
T7,AIN54,Pressure,0.5122178196907043,sensor_data,2026-01-30 15:34:13.834
T7,AIN48,LoadCell,0.00030183541821315885,sensor_data,2026-01-30 15:34:13.834
T7,AIN52,Pressure,0.5103252530097961,sensor_data,2026-01-30 15:34:13.834
T7,AIN49,Thermocouple,-0.0005643786862492561,sensor_data,2026-01-30 15:34:13.834
T7,AIN50,Thermocouple,-3.131995254079811e-05,sensor_data,2026-01-30 15:34:13.834
T7,AIN54,Pressure,0.5122178196907043,sensor_data,2026-01-30 15:34:13.855
T7,AIN48,LoadCell,0.00030025755404494703,sensor_data,2026-01-30 15:34:13.855
T7,AIN52,Pressure,0.5115869641304016,sensor_data,2026-01-30 15:34:13.855
T7,AIN49,Thermocouple,-0.0005769656272605062,sensor_data,2026-01-30 15:34:13.855
T7,AIN50,Thermocouple,-2.8173206374049187e-05,sensor_data,2026-01-30 15:34:13.855
T7,AIN54,Pressure,0.5125332474708557,sensor_data,2026-01-30 15:34:13.856
T7,AIN48,LoadCell,0.00030877802055329084,sensor_data,2026-01-30 15:34:13.856
T7,AIN52,Pressure,0.5115869641304016,sensor_data,2026-01-30 15:34:13.856
T7,AIN49,Thermocouple,-0.0005703574861399829,sensor_data,2026-01-30 15:34:13.856
T7,AIN50,Thermocouple,-2.6285159037797712e-05,sensor_data,2026-01-30 15:34:13.856
T7,AIN54,Pressure,0.5112715363502502,sensor_data,2026-01-30 15:34:13.882
T7,AIN48,LoadCell,0.0003075157292187214,sensor_data,2026-01-30 15:34:13.882
T7,AIN52,Pressure,0.5125332474708557,sensor_data,2026-01-30 15:34:13.882
T7,AIN49,Thermocouple,-0.0005703574861399829,sensor_data,2026-01-30 15:34:13.882
T7,AIN50,Thermocouple,-2.219439011241775e-05,sensor_data,2026-01-30 15:34:13.882
T7,AIN54,Pressure,0.5122178196907043,sensor_data,2026-01-30 15:34:13.909
T7,AIN48,LoadCell,0.00032266322523355484,sensor_data,2026-01-30 15:34:13.909
T7,AIN52,Pressure,0.5115869641304016,sensor_data,2026-01-30 15:34:13.909
T7,AIN49,Thermocouple,-0.0005690988036803901,sensor_data,2026-01-30 15:34:13.909
T7,AIN50,Thermocouple,-2.9431905204546638e-05,sensor_data,2026-01-30 15:34:13.909
T7,AIN54,Pressure,0.5131641030311584,sensor_data,2026-01-30 15:34:13.934
T7,AIN48,LoadCell,0.0002920526603702456,sensor_data,2026-01-30 15:34:13.934
T7,AIN52,Pressure,0.5106406807899475,sensor_data,2026-01-30 15:34:13.934
T7,AIN49,Thermocouple,-0.0005678400630131364,sensor_data,2026-01-30 15:34:13.934
T7,AIN50,Thermocouple,-3.1949301046552137e-05,sensor_data,2026-01-30 15:34:13.934
T7,AIN54,Pressure,0.5122178196907043,sensor_data,2026-01-30 15:34:13.961
T7,AIN48,LoadCell,0.0003075157292187214,sensor_data,2026-01-30 15:34:13.961
T7,AIN52,Pressure,0.511902391910553,sensor_data,2026-01-30 15:34:13.961
T7,AIN49,Thermocouple,-0.0005873499321751297,sensor_data,2026-01-30 15:34:13.961
T7,AIN50,Thermocouple,-1.936232001753524e-05,sensor_data,2026-01-30 15:34:13.961
T7,AIN54,Pressure,0.5128486752510071,sensor_data,2026-01-30 15:34:13.987
T7,AIN48,LoadCell,0.00030940916622057557,sensor_data,2026-01-30 15:34:13.987
T7,AIN52,Pressure,0.5106406807899475,sensor_data,2026-01-30 15:34:13.987
T7,AIN49,Thermocouple,-0.0005763362860307097,sensor_data,2026-01-30 15:34:13.987
T7,AIN50,Thermocouple,-1.936232001753524e-05,sensor_data,2026-01-30 15:34:13.987
T7,AIN54,Pressure,0.5134795308113098,sensor_data,2026-01-30 15:34:13.987
T7,AIN48,LoadCell,0.0003015198453795165,sensor_data,2026-01-30 15:34:13.987
T7,AIN52,Pressure,0.5103252530097961,sensor_data,2026-01-30 15:34:13.987
T7,AIN49,Thermocouple,-0.0005788537091575563,sensor_data,2026-01-30 15:34:13.987
T7,AIN50,Thermocouple,-1.6215573850786313e-05,sensor_data,2026-01-30 15:34:13.987
T7,AIN54,Pressure,0.5128486752510071,sensor_data,2026-01-30 15:34:14.011
T7,AIN48,LoadCell,0.0002926838060375303,sensor_data,2026-01-30 15:34:14.011
T7,AIN52,Pressure,0.5106406807899475,sensor_data,2026-01-30 15:34:14.011
T7,AIN49,Thermocouple,-0.0005797977210022509,sensor_data,2026-01-30 15:34:14.011
T7,AIN50,Thermocouple,-2.6285159037797712e-05,sensor_data,2026-01-30 15:34:14.011
T7,AIN54,Pressure,0.5128486752510071,sensor_data,2026-01-30 15:34:14.036
T7,AIN48,LoadCell,0.0003049911465495825,sensor_data,2026-01-30 15:34:14.036
T7,AIN52,Pressure,0.5115869641304016,sensor_data,2026-01-30 15:34:14.036
T7,AIN49,Thermocouple,-0.0005684694624505937,sensor_data,2026-01-30 15:34:14.036
T7,AIN50,Thermocouple,-1.810362118703779e-05,sensor_data,2026-01-30 15:34:14.036
T7,AIN54,Pressure,0.5131641030311584,sensor_data,2026-01-30 15:34:14.062
T7,AIN48,LoadCell,0.0003075157292187214,sensor_data,2026-01-30 15:34:14.062
T7,AIN52,Pressure,0.5122178196907043,sensor_data,2026-01-30 15:34:14.062
T7,AIN49,Thermocouple,-0.0005697281449101865,sensor_data,2026-01-30 15:34:14.062
T7,AIN50,Thermocouple,-1.936232001753524e-05,sensor_data,2026-01-30 15:34:14.062
T7,AIN54,Pressure,0.5128486752510071,sensor_data,2026-01-30 15:34:14.062
T7,AIN48,LoadCell,0.0003144583315588534,sensor_data,2026-01-30 15:34:14.062
T7,AIN52,Pressure,0.5115869641304016,sensor_data,2026-01-30 15:34:14.062
T7,AIN49,Thermocouple,-0.0005744482623413205,sensor_data,2026-01-30 15:34:14.062
T7,AIN50,Thermocouple,-2.8802556698792614e-05,sensor_data,2026-01-30 15:34:14.062
T7,AIN54,Pressure,0.5128486752510071,sensor_data,2026-01-30 15:34:14.089
T7,AIN48,LoadCell,0.0002980485442094505,sensor_data,2026-01-30 15:34:14.089
T7,AIN52,Pressure,0.5115869641304016,sensor_data,2026-01-30 15:34:14.089
T7,AIN49,Thermocouple,-0.0005678400630131364,sensor_data,2026-01-30 15:34:14.089
T7,AIN50,Thermocouple,-2.691450936254114e-05,sensor_data,2026-01-30 15:34:14.089
T7,AIN54,Pressure,0.5137949585914612,sensor_data,2026-01-30 15:34:14.138
T7,AIN48,LoadCell,0.0003056222922168672,sensor_data,2026-01-30 15:34:14.138
T7,AIN52,Pressure,0.511902391910553,sensor_data,2026-01-30 15:34:14.138
T7,AIN49,Thermocouple,-0.0005700428155250847,sensor_data,2026-01-30 15:34:14.138
T7,AIN50,Thermocouple,-2.4397111701546237e-05,sensor_data,2026-01-30 15:34:14.138
T7,AIN54,Pressure,0.5122178196907043,sensor_data,2026-01-30 15:34:14.138
T7,AIN48,LoadCell,0.0003015198453795165,sensor_data,2026-01-30 15:34:14.138
T7,AIN52,Pressure,0.511902391910553,sensor_data,2026-01-30 15:34:14.138
T7,AIN49,Thermocouple,-0.000565637368708849,sensor_data,2026-01-30 15:34:14.138
T7,AIN50,Thermocouple,-4.257940418028738e-06,sensor_data,2026-01-30 15:34:14.138
T7,AIN54,Pressure,0.5134795308113098,sensor_data,2026-01-30 15:34:14.138
T7,AIN48,LoadCell,0.00031130260322242975,sensor_data,2026-01-30 15:34:14.138
T7,AIN52,Pressure,0.5109561085700989,sensor_data,2026-01-30 15:34:14.138
T7,AIN49,Thermocouple,-0.0005757069448009133,sensor_data,2026-01-30 15:34:14.138
T7,AIN50,Thermocouple,-2.1879715859540738e-05,sensor_data,2026-01-30 15:34:14.138
T7,AIN54,Pressure,0.5137949585914612,sensor_data,2026-01-30 15:34:14.164
T7,AIN48,LoadCell,0.0003005731268785894,sensor_data,2026-01-30 15:34:14.164
T7,AIN52,Pressure,0.5109561085700989,sensor_data,2026-01-30 15:34:14.164
T7,AIN49,Thermocouple,-0.0005703574861399829,sensor_data,2026-01-30 15:34:14.164
T7,AIN50,Thermocouple,-2.7858532121172175e-05,sensor_data,2026-01-30 15:34:14.164
T7,AIN54,Pressure,0.5128486752510071,sensor_data,2026-01-30 15:34:14.190
T7,AIN48,LoadCell,0.00029583953437395394,sensor_data,2026-01-30 15:34:14.190
T7,AIN52,Pressure,0.5106406807899475,sensor_data,2026-01-30 15:34:14.190
T7,AIN49,Thermocouple,-0.0005788537091575563,sensor_data,2026-01-30 15:34:14.190
T7,AIN50,Thermocouple,-1.5271549273165874e-05,sensor_data,2026-01-30 15:34:14.190
T7,AIN54,Pressure,0.5125332474708557,sensor_data,2026-01-30 15:34:14.213
T7,AIN48,LoadCell,0.0002945772430393845,sensor_data,2026-01-30 15:34:14.213
T7,AIN52,Pressure,0.5103252530097961,sensor_data,2026-01-30 15:34:14.213
T7,AIN49,Thermocouple,-0.0005678400630131364,sensor_data,2026-01-30 15:34:14.213
T7,AIN50,Thermocouple,-3.006125371030066e-05,sensor_data,2026-01-30 15:34:14.213
T7,AIN54,Pressure,0.5131641030311584,sensor_data,2026-01-30 15:34:14.237
T7,AIN48,LoadCell,0.0002986796898767352,sensor_data,2026-01-30 15:34:14.237
T7,AIN52,Pressure,0.5115869641304016,sensor_data,2026-01-30 15:34:14.237
T7,AIN49,Thermocouple,-0.0005813710740767419,sensor_data,2026-01-30 15:34:14.237
T7,AIN50,Thermocouple,-2.8173206374049187e-05,sensor_data,2026-01-30 15:34:14.237
T7,AIN54,Pressure,0.5125332474708557,sensor_data,2026-01-30 15:34:14.237
T7,AIN48,LoadCell,0.00029678625287488103,sensor_data,2026-01-30 15:34:14.237
T7,AIN52,Pressure,0.5115869641304016,sensor_data,2026-01-30 15:34:14.237
T7,AIN49,Thermocouple,-0.0005687841330654919,sensor_data,2026-01-30 15:34:14.237
T7,AIN50,Thermocouple,-4.013083889731206e-05,sensor_data,2026-01-30 15:34:14.237
T7,AIN54,Pressure,0.5131641030311584,sensor_data,2026-01-30 15:34:14.282
T7,AIN48,LoadCell,0.0002936305245384574,sensor_data,2026-01-30 15:34:14.282
T7,AIN52,Pressure,0.5122178196907043,sensor_data,2026-01-30 15:34:14.282
T7,AIN49,Thermocouple,-0.00056721072178334,sensor_data,2026-01-30 15:34:14.282
T7,AIN50,Thermocouple,-2.4397111701546237e-05,sensor_data,2026-01-30 15:34:14.282
T7,AIN54,Pressure,0.5125332474708557,sensor_data,2026-01-30 15:34:14.282
T7,AIN48,LoadCell,0.0002961551072075963,sensor_data,2026-01-30 15:34:14.282
T7,AIN52,Pressure,0.5122178196907043,sensor_data,2026-01-30 15:34:14.282
T7,AIN49,Thermocouple,-0.0005747629329562187,sensor_data,2026-01-30 15:34:14.282
T7,AIN50,Thermocouple,-1.6844922356540337e-05,sensor_data,2026-01-30 15:34:14.282
T7,AIN54,Pressure,0.5131641030311584,sensor_data,2026-01-30 15:34:14.316
T7,AIN48,LoadCell,0.00029836411704309285,sensor_data,2026-01-30 15:34:14.316
T7,AIN52,Pressure,0.5103252530097961,sensor_data,2026-01-30 15:34:14.316
T7,AIN49,Thermocouple,-0.0005706721567548811,sensor_data,2026-01-30 15:34:14.316
T7,AIN50,Thermocouple,-3.1634626793675125e-05,sensor_data,2026-01-30 15:34:14.316
T7,AIN54,Pressure,0.5125332474708557,sensor_data,2026-01-30 15:34:14.316
T7,AIN48,LoadCell,0.00029647068004123867,sensor_data,2026-01-30 15:34:14.316
T7,AIN52,Pressure,0.5106406807899475,sensor_data,2026-01-30 15:34:14.316
T7,AIN49,Thermocouple,-0.00056721072178334,sensor_data,2026-01-30 15:34:14.316
T7,AIN50,Thermocouple,-1.936232001753524e-05,sensor_data,2026-01-30 15:34:14.316
T7,AIN54,Pressure,0.5122178196907043,sensor_data,2026-01-30 15:34:14.345
T7,AIN48,LoadCell,0.00029741739854216576,sensor_data,2026-01-30 15:34:14.345
T7,AIN52,Pressure,0.5115869641304016,sensor_data,2026-01-30 15:34:14.345
T7,AIN49,Thermocouple,-0.0005738189211115241,sensor_data,2026-01-30 15:34:14.345
T7,AIN50,Thermocouple,-2.313841469003819e-05,sensor_data,2026-01-30 15:34:14.345
T7,AIN54,Pressure,0.5122178196907043,sensor_data,2026-01-30 15:34:14.371
T7,AIN48,LoadCell,0.00029994198121130466,sensor_data,2026-01-30 15:34:14.371
T7,AIN52,Pressure,0.5115869641304016,sensor_data,2026-01-30 15:34:14.371
T7,AIN49,Thermocouple,-0.000571930839214474,sensor_data,2026-01-30 15:34:14.371
T7,AIN50,Thermocouple,-3.1949301046552137e-05,sensor_data,2026-01-30 15:34:14.371
T7,AIN54,Pressure,0.5141103863716125,sensor_data,2026-01-30 15:34:14.394
T7,AIN48,LoadCell,0.0002917370875366032,sensor_data,2026-01-30 15:34:14.394
T7,AIN52,Pressure,0.5109561085700989,sensor_data,2026-01-30 15:34:14.394
T7,AIN49,Thermocouple,-0.000560917251277715,sensor_data,2026-01-30 15:34:14.394
T7,AIN50,Thermocouple,-2.4397111701546237e-05,sensor_data,2026-01-30 15:34:14.394
T7,AIN54,Pressure,0.5141103863716125,sensor_data,2026-01-30 15:34:14.394
T7,AIN48,LoadCell,0.0002961551072075963,sensor_data,2026-01-30 15:34:14.394
T7,AIN52,Pressure,0.5096943974494934,sensor_data,2026-01-30 15:34:14.394
T7,AIN49,Thermocouple,-0.0005741335917264223,sensor_data,2026-01-30 15:34:14.394
T7,AIN50,Thermocouple,-1.9991668523289263e-05,sensor_data,2026-01-30 15:34:14.394
T7,AIN54,Pressure,0.5125332474708557,sensor_data,2026-01-30 15:34:14.452
T7,AIN48,LoadCell,0.0002961551072075963,sensor_data,2026-01-30 15:34:14.452
T7,AIN52,Pressure,0.511902391910553,sensor_data,2026-01-30 15:34:14.452
T7,AIN49,Thermocouple,-0.0005747629329562187,sensor_data,2026-01-30 15:34:14.452
T7,AIN50,Thermocouple,-3.0375929782167077e-05,sensor_data,2026-01-30 15:34:14.452
T7,AIN54,Pressure,0.5147411823272705,sensor_data,2026-01-30 15:34:14.452
T7,AIN48,LoadCell,0.00028795021353289485,sensor_data,2026-01-30 15:34:14.452
T7,AIN52,Pressure,0.511902391910553,sensor_data,2026-01-30 15:34:14.452
T7,AIN49,Thermocouple,-0.0005722455098293722,sensor_data,2026-01-30 15:34:14.452
T7,AIN50,Thermocouple,-3.0375929782167077e-05,sensor_data,2026-01-30 15:34:14.452
T7,AIN54,Pressure,0.5125332474708557,sensor_data,2026-01-30 15:34:14.486
T7,AIN48,LoadCell,0.00028290104819461703,sensor_data,2026-01-30 15:34:14.486
T7,AIN52,Pressure,0.5122178196907043,sensor_data,2026-01-30 15:34:14.486
T7,AIN49,Thermocouple,-0.0005763362860307097,sensor_data,2026-01-30 15:34:14.486
T7,AIN50,Thermocouple,-2.6285159037797712e-05,sensor_data,2026-01-30 15:34:14.486
T7,AIN54,Pressure,0.5122178196907043,sensor_data,2026-01-30 15:34:14.486
T7,AIN48,LoadCell,0.00029489281587302685,sensor_data,2026-01-30 15:34:14.486
T7,AIN52,Pressure,0.5115869641304016,sensor_data,2026-01-30 15:34:14.486
T7,AIN49,Thermocouple,-0.0005716161685995758,sensor_data,2026-01-30 15:34:14.486
T7,AIN50,Thermocouple,-2.5655810532043688e-05,sensor_data,2026-01-30 15:34:14.486
T7,AIN54,Pressure,0.5134795308113098,sensor_data,2026-01-30 15:34:14.522
T7,AIN48,LoadCell,0.00028984365053474903,sensor_data,2026-01-30 15:34:14.522
T7,AIN52,Pressure,0.5122178196907043,sensor_data,2026-01-30 15:34:14.522
T7,AIN49,Thermocouple,-0.0005744482623413205,sensor_data,2026-01-30 15:34:14.522
T7,AIN50,Thermocouple,-2.9431905204546638e-05,sensor_data,2026-01-30 15:34:14.522
T7,AIN54,Pressure,0.5128486752510071,sensor_data,2026-01-30 15:34:14.522
T7,AIN48,LoadCell,0.0003012042725458741,sensor_data,2026-01-30 15:34:14.522
T7,AIN52,Pressure,0.511902391910553,sensor_data,2026-01-30 15:34:14.522
T7,AIN49,Thermocouple,-0.0005823151441290975,sensor_data,2026-01-30 15:34:14.522
T7,AIN50,Thermocouple,-3.698409636854194e-05,sensor_data,2026-01-30 15:34:14.522
T7,AIN54,Pressure,0.5134795308113098,sensor_data,2026-01-30 15:34:14.547
T7,AIN48,LoadCell,0.00030183541821315885,sensor_data,2026-01-30 15:34:14.547
T7,AIN52,Pressure,0.5112715363502502,sensor_data,2026-01-30 15:34:14.547
T7,AIN49,Thermocouple,-0.0005675253923982382,sensor_data,2026-01-30 15:34:14.547
T7,AIN50,Thermocouple,-1.59008995979093e-05,sensor_data,2026-01-30 15:34:14.547
T7,AIN54,Pressure,0.5144258141517639,sensor_data,2026-01-30 15:34:14.578
T7,AIN48,LoadCell,0.00030436000088229775,sensor_data,2026-01-30 15:34:14.578
T7,AIN52,Pressure,0.5115869641304016,sensor_data,2026-01-30 15:34:14.578
T7,AIN49,Thermocouple,-0.0005832591559737921,sensor_data,2026-01-30 15:34:14.578
T7,AIN50,Thermocouple,-2.974657945742365e-05,sensor_data,2026-01-30 15:34:14.578
T7,AIN54,Pressure,0.5128486752510071,sensor_data,2026-01-30 15:34:14.578
T7,AIN48,LoadCell,0.00030183541821315885,sensor_data,2026-01-30 15:34:14.578
T7,AIN52,Pressure,0.5115869641304016,sensor_data,2026-01-30 15:34:14.578
T7,AIN49,Thermocouple,-0.0005769656272605062,sensor_data,2026-01-30 15:34:14.578
T7,AIN50,Thermocouple,-1.936232001753524e-05,sensor_data,2026-01-30 15:34:14.578
T7,AIN54,Pressure,0.5131641030311584,sensor_data,2026-01-30 15:34:14.610
T7,AIN48,LoadCell,0.00030593786505050957,sensor_data,2026-01-30 15:34:14.610
T7,AIN52,Pressure,0.5109561085700989,sensor_data,2026-01-30 15:34:14.610
T7,AIN49,Thermocouple,-0.0005728748510591686,sensor_data,2026-01-30 15:34:14.610
T7,AIN50,Thermocouple,-2.0621017029043287e-05,sensor_data,2026-01-30 15:34:14.610
T7,AIN54,Pressure,0.5134795308113098,sensor_data,2026-01-30 15:34:14.632
T7,AIN48,LoadCell,0.00031824520556256175,sensor_data,2026-01-30 15:34:14.632
T7,AIN52,Pressure,0.511902391910553,sensor_data,2026-01-30 15:34:14.632
T7,AIN49,Thermocouple,-0.0005744482623413205,sensor_data,2026-01-30 15:34:14.632
T7,AIN50,Thermocouple,-3.1634626793675125e-05,sensor_data,2026-01-30 15:34:14.632
T7,AIN54,Pressure,0.5125332474708557,sensor_data,2026-01-30 15:34:14.664
T7,AIN48,LoadCell,0.00029647068004123867,sensor_data,2026-01-30 15:34:14.664
T7,AIN52,Pressure,0.5115869641304016,sensor_data,2026-01-30 15:34:14.664
T7,AIN49,Thermocouple,-0.0005694134742952883,sensor_data,2026-01-30 15:34:14.664
T7,AIN50,Thermocouple,-2.5026462026289664e-05,sensor_data,2026-01-30 15:34:14.664
T7,AIN54,Pressure,0.5122178196907043,sensor_data,2026-01-30 15:34:14.664
T7,AIN48,LoadCell,0.00029931083554401994,sensor_data,2026-01-30 15:34:14.664
T7,AIN52,Pressure,0.5125332474708557,sensor_data,2026-01-30 15:34:14.664
T7,AIN49,Thermocouple,-0.0005728748510591686,sensor_data,2026-01-30 15:34:14.664
T7,AIN50,Thermocouple,-2.722918361541815e-05,sensor_data,2026-01-30 15:34:14.664
T7,AIN54,Pressure,0.5141103863716125,sensor_data,2026-01-30 15:34:14.699
T7,AIN48,LoadCell,0.00029741739854216576,sensor_data,2026-01-30 15:34:14.699
T7,AIN52,Pressure,0.5109561085700989,sensor_data,2026-01-30 15:34:14.699
T7,AIN49,Thermocouple,-0.0005750776035711169,sensor_data,2026-01-30 15:34:14.699
T7,AIN50,Thermocouple,-2.0306342776166275e-05,sensor_data,2026-01-30 15:34:14.699
T7,AIN54,Pressure,0.5141103863716125,sensor_data,2026-01-30 15:34:14.699
T7,AIN48,LoadCell,0.00029236823320388794,sensor_data,2026-01-30 15:34:14.699
T7,AIN52,Pressure,0.511902391910553,sensor_data,2026-01-30 15:34:14.699
T7,AIN49,Thermocouple,-0.0005829444853588939,sensor_data,2026-01-30 15:34:14.699
T7,AIN50,Thermocouple,-3.289332744316198e-05,sensor_data,2026-01-30 15:34:14.699
T7,AIN54,Pressure,0.5125332474708557,sensor_data,2026-01-30 15:34:14.724
T7,AIN48,LoadCell,0.00029583953437395394,sensor_data,2026-01-30 15:34:14.724
T7,AIN52,Pressure,0.5125332474708557,sensor_data,2026-01-30 15:34:14.724
T7,AIN49,Thermocouple,-0.0005813710740767419,sensor_data,2026-01-30 15:34:14.724
T7,AIN50,Thermocouple,-1.7474272681283765e-05,sensor_data,2026-01-30 15:34:14.724
T7,AIN54,Pressure,0.5122178196907043,sensor_data,2026-01-30 15:34:14.749
T7,AIN48,LoadCell,0.00030940916622057557,sensor_data,2026-01-30 15:34:14.749
T7,AIN52,Pressure,0.511902391910553,sensor_data,2026-01-30 15:34:14.749
T7,AIN49,Thermocouple,-0.000562490604352206,sensor_data,2026-01-30 15:34:14.749
T7,AIN50,Thermocouple,-3.5410721466178074e-05,sensor_data,2026-01-30 15:34:14.749
T7,AIN54,Pressure,0.5122178196907043,sensor_data,2026-01-30 15:34:14.780
T7,AIN48,LoadCell,0.00030436000088229775,sensor_data,2026-01-30 15:34:14.780
T7,AIN52,Pressure,0.511902391910553,sensor_data,2026-01-30 15:34:14.780
T7,AIN49,Thermocouple,-0.0005618612631224096,sensor_data,2026-01-30 15:34:14.780
T7,AIN50,Thermocouple,-2.0306342776166275e-05,sensor_data,2026-01-30 15:34:14.780
T7,AIN54,Pressure,0.5141103863716125,sensor_data,2026-01-30 15:34:14.780
T7,AIN48,LoadCell,0.0003100403118878603,sensor_data,2026-01-30 15:34:14.780
T7,AIN52,Pressure,0.5115869641304016,sensor_data,2026-01-30 15:34:14.780
T7,AIN49,Thermocouple,-0.000576650956645608,sensor_data,2026-01-30 15:34:14.780
T7,AIN50,Thermocouple,-2.691450936254114e-05,sensor_data,2026-01-30 15:34:14.780
T7,AIN54,Pressure,0.5144258141517639,sensor_data,2026-01-30 15:34:14.804
T7,AIN48,LoadCell,0.0003223476523999125,sensor_data,2026-01-30 15:34:14.804
T7,AIN52,Pressure,0.5103252530097961,sensor_data,2026-01-30 15:34:14.804
T7,AIN49,Thermocouple,-0.0005753922741860151,sensor_data,2026-01-30 15:34:14.804
T7,AIN50,Thermocouple,-3.0375929782167077e-05,sensor_data,2026-01-30 15:34:14.804
T7,AIN54,Pressure,0.5147411823272705,sensor_data,2026-01-30 15:34:14.827
T7,AIN48,LoadCell,0.000317614059895277,sensor_data,2026-01-30 15:34:14.827
T7,AIN52,Pressure,0.5115869641304016,sensor_data,2026-01-30 15:34:14.827
T7,AIN49,Thermocouple,-0.0005763362860307097,sensor_data,2026-01-30 15:34:14.827
T7,AIN50,Thermocouple,-2.1250367353786714e-05,sensor_data,2026-01-30 15:34:14.827
T7,AIN54,Pressure,0.5125332474708557,sensor_data,2026-01-30 15:34:14.860
T7,AIN48,LoadCell,0.0003255033807363361,sensor_data,2026-01-30 15:34:14.860
T7,AIN52,Pressure,0.5106406807899475,sensor_data,2026-01-30 15:34:14.860
T7,AIN49,Thermocouple,-0.0005791683797724545,sensor_data,2026-01-30 15:34:14.860
T7,AIN50,Thermocouple,-3.5725395719055086e-05,sensor_data,2026-01-30 15:34:14.860
T7,AIN54,Pressure,0.5122178196907043,sensor_data,2026-01-30 15:34:14.860
T7,AIN48,LoadCell,0.00031572062289342284,sensor_data,2026-01-30 15:34:14.860
T7,AIN52,Pressure,0.5109561085700989,sensor_data,2026-01-30 15:34:14.860
T7,AIN49,Thermocouple,-0.0005810564034618437,sensor_data,2026-01-30 15:34:14.860
T7,AIN50,Thermocouple,-3.3837350201793015e-05,sensor_data,2026-01-30 15:34:14.860
T7,AIN54,Pressure,0.5141103863716125,sensor_data,2026-01-30 15:34:14.888
T7,AIN48,LoadCell,0.00031824520556256175,sensor_data,2026-01-30 15:34:14.888
T7,AIN52,Pressure,0.5106406807899475,sensor_data,2026-01-30 15:34:14.888
T7,AIN49,Thermocouple,-0.0005741335917264223,sensor_data,2026-01-30 15:34:14.888
T7,AIN50,Thermocouple,-2.4082437448669225e-05,sensor_data,2026-01-30 15:34:14.888
T7,AIN54,Pressure,0.5147411823272705,sensor_data,2026-01-30 15:34:14.921
T7,AIN48,LoadCell,0.0003289746819064021,sensor_data,2026-01-30 15:34:14.921
T7,AIN52,Pressure,0.5122178196907043,sensor_data,2026-01-30 15:34:14.921
T7,AIN49,Thermocouple,-0.0005731895798817277,sensor_data,2026-01-30 15:34:14.921
T7,AIN50,Thermocouple,-3.635474422480911e-05,sensor_data,2026-01-30 15:34:14.921
T7,AIN54,Pressure,0.5141103863716125,sensor_data,2026-01-30 15:34:14.921
T7,AIN48,LoadCell,0.00031572062289342284,sensor_data,2026-01-30 15:34:14.921
T7,AIN52,Pressure,0.5109561085700989,sensor_data,2026-01-30 15:34:14.921
T7,AIN49,Thermocouple,-0.0005848325090482831,sensor_data,2026-01-30 15:34:14.921
T7,AIN50,Thermocouple,-3.069060403504409e-05,sensor_data,2026-01-30 15:34:14.921
T7,AIN54,Pressure,0.5125332474708557,sensor_data,2026-01-30 15:34:14.945
T7,AIN48,LoadCell,0.0003220320795662701,sensor_data,2026-01-30 15:34:14.945
T7,AIN52,Pressure,0.5106406807899475,sensor_data,2026-01-30 15:34:14.945
T7,AIN49,Thermocouple,-0.0005835738265886903,sensor_data,2026-01-30 15:34:14.945
T7,AIN50,Thermocouple,-2.1879715859540738e-05,sensor_data,2026-01-30 15:34:14.945
T7,AIN54,Pressure,0.5125332474708557,sensor_data,2026-01-30 15:34:14.971
T7,AIN48,LoadCell,0.00032518780790269375,sensor_data,2026-01-30 15:34:14.971
T7,AIN52,Pressure,0.5122178196907043,sensor_data,2026-01-30 15:34:14.971
T7,AIN49,Thermocouple,-0.0005709868273697793,sensor_data,2026-01-30 15:34:14.971
T7,AIN50,Thermocouple,-3.131995254079811e-05,sensor_data,2026-01-30 15:34:14.971
T7,AIN54,Pressure,0.5134795308113098,sensor_data,2026-01-30 15:34:14.995
T7,AIN48,LoadCell,0.00032266322523355484,sensor_data,2026-01-30 15:34:14.995
T7,AIN52,Pressure,0.511902391910553,sensor_data,2026-01-30 15:34:14.995
T7,AIN49,Thermocouple,-0.0005760216154158115,sensor_data,2026-01-30 15:34:14.995
T7,AIN50,Thermocouple,-2.8802556698792614e-05,sensor_data,2026-01-30 15:34:14.995
T7,AIN54,Pressure,0.5128486752510071,sensor_data,2026-01-30 15:34:14.995
T7,AIN48,LoadCell,0.0003185607783962041,sensor_data,2026-01-30 15:34:14.995
T7,AIN52,Pressure,0.5109561085700989,sensor_data,2026-01-30 15:34:14.995
T7,AIN49,Thermocouple,-0.00047501109656877816,sensor_data,2026-01-30 15:34:14.995
T7,AIN50,Thermocouple,-2.8802556698792614e-05,sensor_data,2026-01-30 15:34:14.995
T7,AIN54,Pressure,0.5147411823272705,sensor_data,2026-01-30 15:34:15.051
T7,AIN48,LoadCell,0.000314142758725211,sensor_data,2026-01-30 15:34:15.051
T7,AIN52,Pressure,0.5109561085700989,sensor_data,2026-01-30 15:34:15.051
T7,AIN49,Thermocouple,-0.0005713014979846776,sensor_data,2026-01-30 15:34:15.051
T7,AIN50,Thermocouple,-2.7858532121172175e-05,sensor_data,2026-01-30 15:34:15.051
T7,AIN54,Pressure,0.5141103863716125,sensor_data,2026-01-30 15:34:15.051
T7,AIN48,LoadCell,0.0003169829142279923,sensor_data,2026-01-30 15:34:15.051
T7,AIN52,Pressure,0.5096943974494934,sensor_data,2026-01-30 15:34:15.051
T7,AIN49,Thermocouple,-0.0005804270622320473,sensor_data,2026-01-30 15:34:15.051
T7,AIN50,Thermocouple,-3.7613444874295965e-05,sensor_data,2026-01-30 15:34:15.051
T7,AIN54,Pressure,0.5147411823272705,sensor_data,2026-01-30 15:34:15.078
T7,AIN48,LoadCell,0.00032676567207090557,sensor_data,2026-01-30 15:34:15.078
T7,AIN52,Pressure,0.509378969669342,sensor_data,2026-01-30 15:34:15.078
T7,AIN49,Thermocouple,-0.0005741335917264223,sensor_data,2026-01-30 15:34:15.078
T7,AIN50,Thermocouple,-3.824279338004999e-05,sensor_data,2026-01-30 15:34:15.078
T7,AIN54,Pressure,0.5141103863716125,sensor_data,2026-01-30 15:34:15.078
T7,AIN48,LoadCell,0.000331499264575541,sensor_data,2026-01-30 15:34:15.078
T7,AIN52,Pressure,0.511902391910553,sensor_data,2026-01-30 15:34:15.078
T7,AIN49,Thermocouple,-0.0005612319218926132,sensor_data,2026-01-30 15:34:15.078
T7,AIN50,Thermocouple,-4.768303188029677e-05,sensor_data,2026-01-30 15:34:15.078
T7,AIN54,Pressure,0.5125332474708557,sensor_data,2026-01-30 15:34:15.104
T7,AIN48,LoadCell,0.00032865910907275975,sensor_data,2026-01-30 15:34:15.104
T7,AIN52,Pressure,0.5115869641304016,sensor_data,2026-01-30 15:34:15.104
T7,AIN49,Thermocouple,-0.0005757069448009133,sensor_data,2026-01-30 15:34:15.104
T7,AIN50,Thermocouple,-3.320800169603899e-05,sensor_data,2026-01-30 15:34:15.104
T7,AIN54,Pressure,0.5128486752510071,sensor_data,2026-01-30 15:34:15.128
T7,AIN48,LoadCell,0.00032013864256441593,sensor_data,2026-01-30 15:34:15.128
T7,AIN52,Pressure,0.5128486752510071,sensor_data,2026-01-30 15:34:15.128
T7,AIN49,Thermocouple,-0.0005738189211115241,sensor_data,2026-01-30 15:34:15.128
T7,AIN50,Thermocouple,-2.3767763195792213e-05,sensor_data,2026-01-30 15:34:15.128
T7,AIN54,Pressure,0.5122178196907043,sensor_data,2026-01-30 15:34:15.154
T7,AIN48,LoadCell,0.00033938855631276965,sensor_data,2026-01-30 15:34:15.154
T7,AIN52,Pressure,0.5125332474708557,sensor_data,2026-01-30 15:34:15.154
T7,AIN49,Thermocouple,-0.0005640640156343579,sensor_data,2026-01-30 15:34:15.154
T7,AIN50,Thermocouple,-3.509604721330106e-05,sensor_data,2026-01-30 15:34:15.154
T7,AIN54,Pressure,0.5141103863716125,sensor_data,2026-01-30 15:34:15.184
T7,AIN48,LoadCell,0.0003434910031501204,sensor_data,2026-01-30 15:34:15.184
T7,AIN52,Pressure,0.5109561085700989,sensor_data,2026-01-30 15:34:15.184
T7,AIN49,Thermocouple,-0.0005779096973128617,sensor_data,2026-01-30 15:34:15.184
T7,AIN50,Thermocouple,-3.9186816138681024e-05,sensor_data,2026-01-30 15:34:15.184
T7,AIN54,Pressure,0.5147411823272705,sensor_data,2026-01-30 15:34:15.184
T7,AIN48,LoadCell,0.00033591725514270365,sensor_data,2026-01-30 15:34:15.184
T7,AIN52,Pressure,0.5100098252296448,sensor_data,2026-01-30 15:34:15.184
T7,AIN49,Thermocouple,-0.000576650956645608,sensor_data,2026-01-30 15:34:15.184
T7,AIN50,Thermocouple,-2.722918361541815e-05,sensor_data,2026-01-30 15:34:15.184
T7,AIN54,Pressure,0.5131641030311584,sensor_data,2026-01-30 15:34:15.211
T7,AIN48,LoadCell,0.00034033527481369674,sensor_data,2026-01-30 15:34:15.211
T7,AIN52,Pressure,0.5096943974494934,sensor_data,2026-01-30 15:34:15.211
T7,AIN49,Thermocouple,-0.0005631199455820024,sensor_data,2026-01-30 15:34:15.211
T7,AIN50,Thermocouple,-3.006125371030066e-05,sensor_data,2026-01-30 15:34:15.211
T7,AIN54,Pressure,0.5141103863716125,sensor_data,2026-01-30 15:34:15.231
T7,AIN48,LoadCell,0.0003371795464772731,sensor_data,2026-01-30 15:34:15.231
T7,AIN52,Pressure,0.5103252530097961,sensor_data,2026-01-30 15:34:15.231
T7,AIN49,Thermocouple,-0.0005735042504966259,sensor_data,2026-01-30 15:34:15.231
T7,AIN50,Thermocouple,-2.2823740437161177e-05,sensor_data,2026-01-30 15:34:15.231
T7,AIN54,Pressure,0.5141103863716125,sensor_data,2026-01-30 15:34:15.260
T7,AIN48,LoadCell,0.0003289746819064021,sensor_data,2026-01-30 15:34:15.260
T7,AIN52,Pressure,0.5115869641304016,sensor_data,2026-01-30 15:34:15.260
T7,AIN49,Thermocouple,-0.0005801123916171491,sensor_data,2026-01-30 15:34:15.260
T7,AIN50,Thermocouple,-3.3837350201793015e-05,sensor_data,2026-01-30 15:34:15.260
T7,AIN54,Pressure,0.5141103863716125,sensor_data,2026-01-30 15:34:15.260
T7,AIN48,LoadCell,0.0003390729834791273,sensor_data,2026-01-30 15:34:15.260
T7,AIN52,Pressure,0.5122178196907043,sensor_data,2026-01-30 15:34:15.260
